1.000000000000000048e-04 2.193623420760516638e+03
1.010875905230133447e-04 2.214433137303884905e+03
1.021870095774840586e-04 2.235467093903750538e+03
1.032983858093995233e-04 2.256825487284780593e+03
1.044218492638883080e-04 2.278404740706756911e+03
1.055575314004375212e-04 2.300171428363739324e+03
1.067055651082755114e-04 2.322184992119260642e+03
1.078660847219209531e-04 2.344457446899887600e+03
1.090392260369020023e-04 2.366986509741181180e+03
1.102251263256464453e-04 2.389775318186007098e+03
1.114239243535436523e-04 2.412808555213603995e+03
1.126357603951822395e-04 2.436090413595564769e+03
1.138607762507642534e-04 2.459621363044871941e+03
1.150991152626969872e-04 2.483407154972637727e+03
1.163509223323661718e-04 2.507446852706743357e+03
1.176163439370915960e-04 2.531755882379207378e+03
1.188955281472661886e-04 2.556403522898492156e+03
1.201886246436823956e-04 2.581308906761428261e+03
1.214957847350471543e-04 2.606454855473434236e+03
1.228171613756862243e-04 2.631879092807474990e+03
1.241529091834420607e-04 2.657586988011770700e+03
1.255031844577665331e-04 2.683562184541583065e+03
1.268681451980091664e-04 2.709809992823065841e+03
1.282479511219053903e-04 2.736376895187099308e+03
1.296427636842660156e-04 2.763246861293976508e+03
1.310527460958686718e-04 2.790420120221282559e+03
1.324780633425559466e-04 2.817890558217497073e+03
1.339188822045412047e-04 2.845636980523828697e+03
1.353753712759231973e-04 2.873700809854021827e+03
1.368477009844141232e-04 2.902154860607543469e+03
1.383360436112822270e-04 2.930900101527264724e+03
1.398405733115101529e-04 2.959917459863971089e+03
1.413614661341735005e-04 2.989240314093630332e+03
1.428989000430415065e-04 3.018870304707502783e+03
1.444530549373999331e-04 3.048841098235684512e+03
1.460241126731021816e-04 3.079149683544310392e+03
1.476122570838491724e-04 3.109837830277055673e+03
1.492176740026992111e-04 3.140875342199894931e+03
1.508405512838133710e-04 3.172181442994544796e+03
1.524810788244372042e-04 3.203822473357748549e+03
1.541394485871202722e-04 3.235820497446863101e+03
1.558158546221786740e-04 3.268180781088588901e+03
1.575104930904017359e-04 3.300945573171378783e+03
1.592235622860045175e-04 3.334058092215110264e+03
1.609552626598311745e-04 3.367515814423898973e+03
1.627057968428107513e-04 3.401252501305913938e+03
1.644753696696664869e-04 3.435276859782746669e+03
1.662641882028847876e-04 3.469801928777982994e+03
1.680724617569444345e-04 3.504767163036513921e+03
1.699004019228081690e-04 3.540123702320312987e+03
1.717482225926820485e-04 3.575867094387029738e+03
1.736161399850439009e-04 3.611839055228959296e+03
1.755043726699428302e-04 3.648212627879860520e+03
1.774131415945749495e-04 3.685091314122611038e+03
1.793426701091378078e-04 3.722326407916398693e+03
1.812931839929638638e-04 3.759846844307942774e+03
1.832649114809402975e-04 3.797828451421534737e+03
1.852580832902157827e-04 3.836295547444141903e+03
1.872729326471963347e-04 3.875149321768407845e+03
1.893096953148362249e-04 3.914402182348942915e+03
1.913686096202258020e-04 3.953992167905140832e+03
1.934499164824777693e-04 3.993978886071101442e+03
1.955538594409182295e-04 4.034511465133954061e+03
1.976806846835845051e-04 4.075496732813705876e+03
1.998306410760310355e-04 4.116807739311840123e+03
2.020039801904505584e-04 4.158578074500247567e+03
2.042009563351116636e-04 4.200849443984280697e+03
2.064218265841149375e-04 4.243540171114632358e+03
2.086668508074745868e-04 4.286613106816319487e+03
2.109362917015270835e-04 4.330182391352572267e+03
2.132304148196686761e-04 4.374255690733623851e+03
2.155494886034291929e-04 4.418756479615226453e+03
2.178937844138838188e-04 4.463711184816650530e+03
2.202635765634043349e-04 4.509061092411358004e+03
2.226591423477579542e-04 4.554878141300482639e+03
2.250807620785549444e-04 4.601287625266705618e+03
2.275287191160475060e-04 4.648207168417751745e+03
2.300032999022870591e-04 4.695627545473060309e+03
2.325047939946423003e-04 4.743544601018108551e+03
2.350334940996797069e-04 4.791922203939138853e+03
2.375896961074149471e-04 4.840795546941683824e+03
2.401736991259351692e-04 4.890152743043793635e+03
2.427858055163994056e-04 4.939968163857282889e+03
2.454263209284171196e-04 4.990258433242094725e+03
2.480955543358148697e-04 5.041167772926834004e+03
2.507938180727886245e-04 5.092662986763272784e+03
2.535214278704516215e-04 5.144746520657694418e+03
2.562787028937784750e-04 5.197401550132184639e+03
2.590659657789527422e-04 5.250416322946926812e+03
2.618835426711173253e-04 5.304011635472043963e+03
2.647317632625400142e-04 5.358221517226811557e+03
2.676109608311895080e-04 5.413011182070081304e+03
2.705214722797344928e-04 5.468373745969827723e+03
2.734636381749647443e-04 5.524244665101743522e+03
2.764378027876432018e-04 5.580606694213456649e+03
2.794443141327876022e-04 5.637630432128234133e+03
2.824835240103954447e-04 5.695307082484087914e+03
2.855557880466066479e-04 5.753537699411721405e+03
2.886614657353176144e-04 5.812376686953507487e+03
2.918009204802459984e-04 5.871830796947652743e+03
2.949745196374548495e-04 5.931925580943825480e+03
2.981826345583356449e-04 5.992622497122572895e+03
3.014256406330636010e-04 6.053960190165104905e+03
3.047039173345210883e-04 6.115889430465695114e+03
3.080178482627017275e-04 6.178473875214040163e+03
3.113678211895961972e-04 6.241705706879925856e+03
3.147542281045673414e-04 6.305544489746574982e+03
3.181774652602160957e-04 6.369997811727746921e+03
3.216379332187502662e-04 6.435076684740963174e+03
3.251360368988533969e-04 6.500823376742714572e+03
3.286721856230664647e-04 6.567447212019340441e+03
3.322467931656834317e-04 6.634834487485170939e+03
3.358602778011691666e-04 6.702606927593931687e+03
3.395130623531006017e-04 6.771108314354226422e+03
3.432055742436453290e-04 6.840415718498427850e+03
3.469382455435727022e-04 6.910447813473710994e+03
3.507115130228133826e-04 6.981159135483555474e+03
3.545258182015658104e-04 7.052539043336365467e+03
3.583816074019615825e-04 7.124550990822876884e+03
3.622793318002878390e-04 7.197387248301388354e+03
3.662194474797837891e-04 7.271047804561925659e+03
3.702024154840057924e-04 7.345416392234123123e+03
3.742287018707762835e-04 7.420555971283587496e+03
3.782987777667183278e-04 7.496460634840945204e+03
3.824131194223844834e-04 7.573177179009860083e+03
3.865722082679815940e-04 7.650428503100192756e+03
3.907765309697075603e-04 7.728517862514084300e+03
3.950265794866943971e-04 7.807448479842084453e+03
3.993228511285754653e-04 7.887220258336702500e+03
4.036658486136761206e-04 7.967823012032018596e+03
4.080560801278398670e-04 8.049152030658075091e+03
4.124940593838895275e-04 8.131194887797049887e+03
4.169803056817417554e-04 8.214169784238554712e+03
4.215153439691684341e-04 8.298071364286082826e+03
4.260997049032242117e-04 8.382779600136444060e+03
4.307339249123390843e-04 8.468377031611416896e+03
4.354185462590890398e-04 8.554781459481306229e+03
4.401541171036449243e-04 8.642091865453212449e+03
4.449411915679172039e-04 8.730064629835542291e+03
4.497803298003925552e-04 8.818990350821728498e+03
4.546720980416797415e-04 8.908872082012236206e+03
4.596170686907665088e-04 8.999659106395662093e+03
4.646158203719990480e-04 9.091312964022752567e+03
4.696689380027851079e-04 9.183864437076403192e+03
4.747770128620408168e-04 9.277332437885153922e+03
4.799406426593742195e-04 9.371722675915931177e+03
4.851604316050268885e-04 9.467093897843442392e+03
4.904369904805733378e-04 9.563334803309226118e+03
4.957709367103918475e-04 9.660586864637345570e+03
5.011628944339079983e-04 9.758831693100015400e+03
5.066134945786305958e-04 9.858108409411279354e+03
5.121233749339744543e-04 9.958236325165464223e+03
5.176931802258924291e-04 1.005938009586732551e+04
5.233235621923151793e-04 1.016143852003759093e+04
5.290151796594145996e-04 1.026449740066925733e+04
5.347686986186917868e-04 1.036853311041493907e+04
5.405847923049104681e-04 1.047362126307855760e+04
5.464641412748700352e-04 1.057979529709583949e+04
5.524074334870418199e-04 1.068702666348109415e+04
5.584153643820675278e-04 1.079538807027419352e+04
5.644886369641372850e-04 1.090469732825271421e+04
5.706279618832458883e-04 1.101515504019917535e+04
5.768340575183523045e-04 1.112656865177014333e+04
5.831076500614351546e-04 1.123913360861713045e+04
5.894494736024691187e-04 1.135266689731002043e+04
5.958602702153210700e-04 1.146738974630455050e+04
6.023407900445845861e-04 1.158327332618853688e+04
6.088917913933525111e-04 1.170023491650288452e+04
6.155140408119528323e-04 1.181827841244271076e+04
6.222083131876400639e-04 1.193744491394677789e+04
6.289753918352700016e-04 1.205781655927399515e+04
6.358160685889557894e-04 1.217925186375018893e+04
6.427311438947253550e-04 1.230194221934499546e+04
6.497214269041789135e-04 1.242568059722960243e+04
6.567877355691758125e-04 1.255071195385968531e+04
6.639308967375400937e-04 1.267677554813455390e+04
6.711517462498151282e-04 1.280410318996309979e+04
6.784511290370659172e-04 1.293248967416719097e+04
6.858298992197500894e-04 1.306238040733255366e+04
6.932889202076553212e-04 1.319385158209147085e+04
7.008290648009353778e-04 1.332617453195635426e+04
7.084512152922333925e-04 1.345946142422435150e+04
7.161562635699245854e-04 1.359416978196580385e+04
7.239451112224767936e-04 1.373032976985801179e+04
7.318186696439508239e-04 1.386778599695400226e+04
7.397778601406399760e-04 1.400669991796753675e+04
7.478236140388805049e-04 1.414628434238498448e+04
7.559568727940232631e-04 1.428738186705174849e+04
7.641785881005990497e-04 1.442999662406291827e+04
7.724897220036775576e-04 1.457396494717166752e+04
7.808912470114417114e-04 1.471904774278877994e+04
7.893841462089780468e-04 1.486570310819834776e+04
7.979694133733166318e-04 1.501394750043136446e+04
8.066480530897100158e-04 1.516341868174556839e+04
8.154210808691853560e-04 1.531426458323455154e+04
8.242895232673706990e-04 1.546594500876794518e+04
8.332544180046185097e-04 1.561901829842667939e+04
8.423168140874257980e-04 1.577377308043361882e+04
8.514777719311885729e-04 1.593017636621148267e+04
8.607383634842773971e-04 1.608771475588655630e+04
8.700996723534725310e-04 1.624691580818743932e+04
8.795627939307581241e-04 1.640766385207155326e+04
8.891288355215003908e-04 1.656979045096457412e+04
8.987989164740102033e-04 1.673302854936099175e+04
9.085741683105281585e-04 1.689784352055818454e+04
9.184557348596207333e-04 1.706425958932287540e+04
9.284447723900265612e-04 1.723235097796800619e+04
9.385424497459522860e-04 1.740219957294445703e+04
9.487499484838465098e-04 1.757323705356685605e+04
9.590684630106498807e-04 1.774598260915702485e+04
9.694992007235633900e-04 1.791967133174679475e+04
9.800433821513230594e-04 1.809514528567649904e+04
9.907022410970201583e-04 1.827200516208405679e+04
1.001477024782472264e-03 1.845069644592123586e+04
1.012368993994161321e-03 1.863108287736271814e+04
1.023379423230766231e-03 1.881301186159491408e+04
1.034509600852292696e-03 1.899634112210124658e+04
1.045760829230825461e-03 1.918124620017401321e+04
1.057134424902925500e-03 1.936784410834999289e+04
1.068631718723681272e-03 1.955595323055825429e+04
1.080254056022433547e-03 1.974590307434433635e+04
1.092002796760199821e-03 1.993709920776078070e+04
1.103879315688804409e-03 2.013023946743492706e+04
1.115885002511740219e-03 2.032498057452625653e+04
1.128021262046785197e-03 2.052164759944085381e+04
1.140289514390381478e-03 2.071955299781619760e+04
1.152691195083804972e-03 2.091932069705905815e+04
1.165227755281144500e-03 2.112065877385257409e+04
1.177900661919103250e-03 2.132404682182578472e+04
1.190711397888646840e-03 2.152949154953307880e+04
1.203661462208523592e-03 2.173615008968804614e+04
1.216752370200667194e-03 2.194444906848882965e+04
1.229985653667508639e-03 2.215436306577313371e+04
1.243362861071218911e-03 2.236637096423808907e+04
1.256885557714897171e-03 2.257955595298652770e+04
1.270555325925727631e-03 2.279489301558459556e+04
1.284373765240137211e-03 2.301167564496405248e+04
1.298342492590958547e-03 2.323054154860921699e+04
1.312463142496631723e-03 2.345088872465233726e+04
1.326737367252466861e-03 2.367319272759709929e+04
1.341166837123981435e-03 2.389720430970277812e+04
1.355753240542339642e-03 2.412335146483901190e+04
1.370498284301924392e-03 2.435169140510754369e+04
1.385403693760052556e-03 2.458124523731329464e+04
1.400471213038862297e-03 2.481270937987305297e+04
1.415702605229401338e-03 2.504532694864060977e+04
1.431099652597929385e-03 2.528020244954732334e+04
1.446664156794461378e-03 2.551732135830659172e+04
1.462397939063588871e-03 2.575668432847233271e+04
1.478302840457586687e-03 2.599665580326534109e+04
1.494380722051839123e-03 2.623899489751063447e+04
1.510633465162611712e-03 2.648338343783996606e+04
1.527062971567188284e-03 2.672959097332369493e+04
1.543671163726398907e-03 2.697741506659016886e+04
1.560459985009577093e-03 2.722705186002777918e+04
1.577431399921956677e-03 2.747878775627743744e+04
1.594587394334542841e-03 2.773217611914783629e+04
1.611929975716489168e-03 2.798793376731220997e+04
1.629461173369992858e-03 2.824487388930311135e+04
1.647183038667746936e-03 2.850435528172462000e+04
1.665097645292980657e-03 2.876548520941958486e+04
1.683207089482105252e-03 2.902900537746361442e+04
1.701513490269999712e-03 2.929357518009593696e+04
1.720018989737968039e-03 2.956037268259709526e+04
1.738725753264387924e-03 2.982884794834034255e+04
1.757635969778083805e-03 3.009941965568359228e+04
1.776751852014463997e-03 3.037209554070836020e+04
1.796075636774437274e-03 3.064635029243508689e+04
1.815609585186145781e-03 3.092282783431141070e+04
1.835355982969550260e-03 3.120104633320251742e+04
1.855317140703885382e-03 3.148196270352582724e+04
1.875495394098022905e-03 3.176331588927742268e+04
1.895893104263784946e-03 3.204740083411106752e+04
1.916512657992221246e-03 3.233293169243876764e+04
1.937356468032893795e-03 3.262097694037781548e+04
1.958426973376203514e-03 3.291043821423729241e+04
1.979726639538780236e-03 3.320233337281388958e+04
2.001257958851974592e-03 3.349635086218910146e+04
2.023023450753498858e-03 3.379124410873757733e+04
2.045025662082231282e-03 3.408748059011834266e+04
2.067267167376226396e-03 3.438621313948930037e+04
2.089750569173974473e-03 3.468788614049594617e+04
2.112478498318927887e-03 3.498934887610896112e+04
2.135453614267339081e-03 3.529348981785879732e+04
2.158678605399456506e-03 3.560003003468908719e+04
2.182156189334097645e-03 3.590954190774659219e+04
2.205889113246642472e-03 3.622056650507322047e+04
2.229880154190493329e-03 3.653344081884487969e+04
2.254132119422024624e-03 3.684635039649363171e+04
2.278647846729058360e-03 3.716126529175636097e+04
2.303430204762931411e-03 3.747798273892619909e+04
2.328482093374159741e-03 3.779661795219447959e+04
2.353806443951757255e-03 3.811774531747567380e+04
2.379406219766251347e-03 3.843979846871227346e+04
2.405284416316419427e-03 3.876455105564703990e+04
2.431444061679793704e-03 3.909065936348538526e+04
2.457888216866993634e-03 3.941984767075047421e+04
2.484619976179900779e-03 3.974917725992867781e+04
2.511642467573727260e-03 4.008148698509065434e+04
2.538958853023034600e-03 4.041527630360137118e+04
2.566572328891721620e-03 4.075088688516465481e+04
2.594486126307030821e-03 4.108704788486810139e+04
2.622703511537642206e-03 4.142506141043856769e+04
2.651227786375863656e-03 4.176508284441521391e+04
2.680062288523981165e-03 4.210533430532649072e+04
2.709210391984819694e-03 4.244757614477817697e+04
2.738675507456539340e-03 4.279229950690669648e+04
2.768461082731724088e-03 4.314048745998608501e+04
2.798570603100826882e-03 4.348715305545819865e+04
2.829007591759988803e-03 4.383681955977073812e+04
2.859775610223295669e-03 4.418597110267913376e+04
2.890878258739528004e-03 4.453832462234049308e+04
2.922319176713432127e-03 4.489298096303066995e+04
2.954102043131569180e-03 4.524851095261968294e+04
2.986230576992811477e-03 4.560388856244941417e+04
3.018708537743512201e-03 4.596098929687638156e+04
3.051539725717402219e-03 4.632039675489422370e+04
3.084727982580288616e-03 4.668106739797589398e+04
3.118277191779572719e-03 4.704465830160510086e+04
3.152191278998653975e-03 4.740716413761394506e+04
3.186474212616296434e-03 4.777272956955391419e+04
3.221130004170975197e-03 4.813684238823987835e+04
3.256162708830274369e-03 4.850389424088788655e+04
3.291576425865407225e-03 4.887043595530810853e+04
3.327375299130857274e-03 4.923961753314574162e+04
3.363563517549291153e-03 4.961014345898461761e+04
3.400145315601691733e-03 4.998089773251685256e+04
3.437124973822857591e-03 5.035163181398848246e+04
3.474506819302276232e-03 5.072423540229595528e+04
3.512295226190460373e-03 5.109962836643709306e+04
3.550494616210754257e-03 5.147283690247760387e+04
3.589109459176761333e-03 5.184837982592132903e+04
3.628144273515343000e-03 5.222435047086252598e+04
3.667603626795347144e-03 5.260345645325006626e+04
3.707492136262063431e-03 5.297964592049530620e+04
3.747814469377514206e-03 5.335851783635081665e+04
3.788575344366583181e-03 5.373709316200405010e+04
3.829779530769134108e-03 5.411741769556600048e+04
3.871431849998084335e-03 5.449819614484689373e+04
3.913537175903583284e-03 5.487894754431278852e+04
3.956100435343310601e-03 5.526030167850961880e+04
3.999126608758994152e-03 5.564035685061175172e+04
4.042620730759157420e-03 5.602211136257687031e+04
4.086587890708266724e-03 5.640301779181464372e+04
4.131033233322221020e-03 5.678711489147820976e+04
4.175961959270365134e-03 5.716753566833620425e+04
4.221379325784027289e-03 5.755116350255012367e+04
4.267290647271698885e-03 5.793386764317759662e+04
4.313701295940856537e-03 5.831793180440423021e+04
4.360616702426612853e-03 5.869954846782296954e+04
4.408042356427142178e-03 5.908183804441516986e+04
4.455983807346057361e-03 5.946399303755770234e+04
4.504446664941757529e-03 5.984557631892906647e+04
4.553436599983854381e-03 6.022813053118295647e+04
4.602959344916695249e-03 6.060750832904103299e+04
4.653020694530166784e-03 6.098854729012039024e+04
4.703626506637726377e-03 6.136694810923535260e+04
4.754782702761861657e-03 6.174828558039902418e+04
4.806495268826972006e-03 6.212652076882852271e+04
4.858770255859819545e-03 6.250648062935515918e+04
4.911613780697536569e-03 6.288135190686917485e+04
4.965032026703420157e-03 6.325760966603333509e+04
5.019031244490423753e-03 6.363307523393399606e+04
5.073617752652580769e-03 6.400785518387393677e+04
5.128797938504347197e-03 6.438202551830636367e+04
5.184578258828024568e-03 6.475303660475512879e+04
5.240965240629242433e-03 6.512426570856488252e+04
5.297965481900749306e-03 6.549185384207743482e+04
5.355585652394420117e-03 6.586158095214790956e+04
5.413832494401723920e-03 6.622640190983779030e+04
5.472712823542648375e-03 6.659338447464980709e+04
5.532233529563234525e-03 6.695308130722290662e+04
5.592401577141725352e-03 6.731422847639738757e+04
5.653224006703567485e-03 6.767240996933852148e+04
5.714707935245190613e-03 6.802997968724745442e+04
5.776860557166808331e-03 6.838500892705334991e+04
5.839689145114244744e-03 6.873688219583402679e+04
5.903201050829945569e-03 6.908710527196375187e+04
5.967403706013190215e-03 6.943353149719821522e+04
6.032304623189736412e-03 6.978064643956311920e+04
6.097911396590843629e-03 7.012063545448823425e+04
6.164231703041916401e-03 7.046242094912400353e+04
6.231273302860777970e-03 7.079771899925099569e+04
6.299044040765752056e-03 7.113430218784097815e+04
6.367551846793551018e-03 7.146296414705760253e+04
6.436804737227238421e-03 7.179128259994370455e+04
6.506810815534195755e-03 7.211484281467551773e+04
6.577578273314352644e-03 7.243628586619011185e+04
6.649115391258697896e-03 7.275486161959363380e+04
6.721430540118249197e-03 7.306880500542020309e+04
6.794532181683492732e-03 7.338119578139844816e+04
6.868428869774573751e-03 7.368473279448921676e+04
6.943129251242154826e-03 7.398799258792937326e+04
7.018642066979231472e-03 7.428272146101853286e+04
7.094976152943918181e-03 7.457875570325205626e+04
7.172140441193393043e-03 7.486574687014470692e+04
7.250143960929012268e-03 7.515269227534614038e+04
7.328995839552899898e-03 7.543194901443392155e+04
7.408705303735919900e-03 7.570829306642620941e+04
7.489281680497338577e-03 7.597768345328664873e+04
7.570734398296193740e-03 7.624364439520637097e+04
7.653072988134574511e-03 7.650674800231232075e+04
7.736307084672812591e-03 7.676067130074262968e+04
7.820446427356924149e-03 7.701170740535442019e+04
7.905500861558193912e-03 7.725390385356885963e+04
7.991480339725237983e-03 7.749627465588945779e+04
8.078394922548555804e-03 7.772467097504342382e+04
8.166254780137785496e-03 7.795345389737862570e+04
8.255070193211679064e-03 7.817282877278460364e+04
8.344851554301148736e-03 7.838958824581281806e+04
8.435609368965259550e-03 7.859581744273960066e+04
8.527354257020551553e-03 7.879783135985120316e+04
8.620096953783672536e-03 7.899358973897933902e+04
8.713848311327586707e-03 7.918142735792616440e+04
8.808619299751333301e-03 7.936424317909532692e+04
8.904421008463753173e-03 7.953597306931200728e+04
9.001264647481015124e-03 7.970487316221935907e+04
9.099161548738368688e-03 7.986170661555064726e+04
9.198123167416111245e-03 8.001774470168328844e+04
9.298161083280024469e-03 8.015849199759642943e+04
9.399287002036281827e-03 8.029757175300420204e+04
9.501512756701253892e-03 8.042453048720298102e+04
9.604850308986041460e-03 8.054705074951043935e+04
9.709311750696190957e-03 8.065974159597681137e+04
9.814909305146573074e-03 8.076458830084235524e+04
9.921655328591702169e-03 8.086127676925959531e+04
1.002956231167151380e-02 8.094743711792814429e+04
1.013864288087296117e-02 8.102813631948042894e+04
1.024890980000750171e-02 8.109432400684579625e+04
1.036037597170456903e-02 8.115725056339583534e+04
1.047305443892136874e-02 8.120457166027679341e+04
1.058695838646910546e-02 8.125000961002023541e+04
1.070210114255571061e-02 8.128225718014279846e+04
1.081849618034543686e-02 8.131026377254920953e+04
1.093615711953543554e-02 8.132470723455808184e+04
1.105509772794935168e-02 8.132442402249312727e+04
1.117533192314838081e-02 8.130167736700500245e+04
1.129687377405982733e-02 8.128653805782234122e+04
1.141973750262328079e-02 8.127776804271661968e+04
1.154393748545480027e-02 8.130460988490283489e+04
1.166948825552919199e-02 8.134722956897430413e+04
1.179640450388048240e-02 8.135479037981391593e+04
1.192470108132099270e-02 8.135598921157198492e+04
1.205439300017911025e-02 8.127476243329473073e+04
1.218549543605584179e-02 8.118965256101639534e+04
1.231802372960059608e-02 8.108701366504645557e+04
1.245199338830626709e-02 8.098178625358076533e+04
1.258742008832373395e-02 8.087201134110090788e+04
1.272431967629620783e-02 8.075155464135202055e+04
1.286270817121352647e-02 8.061842360500010545e+04
1.300260176628650725e-02 8.047162413779366761e+04
1.314401683084179262e-02 8.031534472419507802e+04
1.328696991223730570e-02 8.014375917190674227e+04
1.343147773779843242e-02 7.996601230382247013e+04
1.357755721677536206e-02 7.977312689251973643e+04
1.372522544232172501e-02 7.957572163424910104e+04
1.387449969349463172e-02 7.935872239615868602e+04
1.402539743727657974e-02 7.913510145753956749e+04
1.417793633061935690e-02 7.889295290865155403e+04
1.433213422251003802e-02 7.864817057674087118e+04
1.448800915605959541e-02 7.840064321827680396e+04
1.464557937061420484e-02 7.813778939406685822e+04
1.480486330388940119e-02 7.786013044282799819e+04
1.496587959412756796e-02 7.752818036874476820e+04
1.512864708227888710e-02 7.716658370025179465e+04
1.529318481420588634e-02 7.677835459155598073e+04
1.545951204291208872e-02 7.638089093531026447e+04
1.562764823079490842e-02 7.602977976704410685e+04
1.579761305192289508e-02 7.567724407698772848e+04
1.596942639433791139e-02 7.532529041508237424e+04
1.614310836238232183e-02 7.496250974894402316e+04
1.631867927905136448e-02 7.457630042796583439e+04
1.649615968837125218e-02 7.418157145671713806e+04
1.667557035780312807e-02 7.377652073394390754e+04
1.685693228067301416e-02 7.336237530473072547e+04
1.704026667862837408e-02 7.294022083285149711e+04
1.722559500412133848e-02 7.250818316883282387e+04
1.741293894291882222e-02 7.206953305063571315e+04
1.760232041664008817e-02 7.161135353535429749e+04
1.779376158532190721e-02 7.114619655316755234e+04
1.798728485001145627e-02 7.067350189877121011e+04
1.818291285538757920e-02 7.020167214677583252e+04
1.838066849241054915e-02 6.975230791293375660e+04
1.858057490100050585e-02 6.929889442391927878e+04
1.878265547274516126e-02 6.884203530533747107e+04
1.898693385363698499e-02 6.835918622507345572e+04
1.919343394683995299e-02 6.784810502623501816e+04
1.940217991548659135e-02 6.732355077530833660e+04
1.961319618550542293e-02 6.678871573274132970e+04
1.982650744847899368e-02 6.625268198001701967e+04
2.004213866453316562e-02 6.571233494502377289e+04
2.026011506525781866e-02 6.516739968824835523e+04
2.048046215665916270e-02 6.461700225801129272e+04
2.070320572214430152e-02 6.406191194271333370e+04
2.092837182553829861e-02 6.350174887040831527e+04
2.115598681413384530e-02 6.293794961981294182e+04
2.138607732177429804e-02 6.237038505103865464e+04
2.161867027197022020e-02 6.180026828760992794e+04
2.185379288104967108e-02 6.122754564807267161e+04
2.209147266134290841e-02 6.065177286241165712e+04
2.233173742440175760e-02 6.007537663545088435e+04
2.257461528425377603e-02 5.949548138939727505e+04
2.282013466069201732e-02 5.891813783189841342e+04
2.306832428260058646e-02 5.833650824493648543e+04
2.331921319131613490e-02 5.775964691911810951e+04
2.357283074402614226e-02 5.717895575547326735e+04
2.382920661720414751e-02 5.660434779561324103e+04
2.408837081008212769e-02 5.602759423770436115e+04
2.435035364816086692e-02 5.545409979940926132e+04
2.461518578675849986e-02 5.488107776041740726e+04
2.488289821459741327e-02 5.431025044653627265e+04
2.515352225743040446e-02 5.374446415875853563e+04
2.542708958170626990e-02 5.318036940116112237e+04
2.570363219827501849e-02 5.262443902640793385e+04
2.598318246613363913e-02 5.206760101619315537e+04
2.626577309621257184e-02 5.152239152324603492e+04
2.655143715520316694e-02 5.097464054150627635e+04
2.684020806942697540e-02 5.044168164075906679e+04
2.713211962874712349e-02 4.990741069676425104e+04
2.742720599052202168e-02 4.938451721840896789e+04
2.772550168360225775e-02 4.886463827487101662e+04
2.802704161237102101e-02 4.835512780640842539e+04
2.833186106082817221e-02 4.785190694826804247e+04
2.863999569671901724e-02 4.735506836808549269e+04
2.895148157570796507e-02 4.686928367890119262e+04
2.926635514559731630e-02 4.638727574398003344e+04
2.958465325059222994e-02 4.592074457909566263e+04
2.990641313561203177e-02 4.545453594729183533e+04
3.023167245064816572e-02 4.500848878425374278e+04
3.056046925516981913e-02 4.456176981073030765e+04
3.089284202257745054e-02 4.413276977620791149e+04
3.122882964470448733e-02 4.370607829540852254e+04
3.156847143636824088e-02 4.329446478204489540e+04
3.191180713997035512e-02 4.288815662573939335e+04
3.225887693014697216e-02 4.249164858608298528e+04
3.260972141846975314e-02 4.210626638433765766e+04
3.296438165819808030e-02 4.172904048546405102e+04
3.332289914908258960e-02 4.136413512839183386e+04
3.368531584222127229e-02 4.100222325830279442e+04
3.405167414496838157e-02 4.065795820867953444e+04
3.442201692589644257e-02 4.031394445519868896e+04
3.479638751981251055e-02 3.998842953343183035e+04
3.517482973282898967e-02 3.966293316317199060e+04
3.555738784748931069e-02 3.935123741116379824e+04
3.594410662794966793e-02 3.904264069275218208e+04
3.633503132521705842e-02 3.874467713098720560e+04
3.673020768244405349e-02 3.845211872867144120e+04
3.712968194028139213e-02 3.816635007604068960e+04
3.753350084228888883e-02 3.788666140525843366e+04
3.794171164040475303e-02 3.760978724935260107e+04
3.835436210047481198e-02 3.734085558244431013e+04
3.877150050784179680e-02 3.707254070034532197e+04
3.919317567299514943e-02 3.681591667914975551e+04
3.961943693728257887e-02 3.655886643395572173e+04
4.005033417868371359e-02 3.631037817728900700e+04
4.048591781764624559e-02 3.606057871328783949e+04
4.092623882298589838e-02 3.581238486239813210e+04
4.137134871785049656e-02 3.556108709147274203e+04
4.182129958574864331e-02 3.530619724093261902e+04
4.227614407664422036e-02 3.504867196261724894e+04
4.273593541311727223e-02 3.478849024278485740e+04
4.320072739659143457e-02 3.452471013101163408e+04
4.367057441362955095e-02 3.425780861594600719e+04
4.414553144229767245e-02 3.398561857230481110e+04
4.462565405859797441e-02 3.371014371250212571e+04
4.511099844297196404e-02 3.342572341295371734e+04
4.560162138687442329e-02 3.313720815120688349e+04
4.609758029941848911e-02 3.283825415068891016e+04
4.659893321409338401e-02 3.253362036581556458e+04
4.710573879555518539e-02 3.221891624043956472e+04
4.761805634649105695e-02 3.189643925771668728e+04
4.813594581455860055e-02 3.156454524258800666e+04
4.865946779940057837e-02 3.122280232626133875e+04
4.918868355973558815e-02 3.087284727203286457e+04
4.972365502052624592e-02 3.051063483541015012e+04
5.026444478022533413e-02 3.014147421708198453e+04
5.081111611810033846e-02 2.975949807340950429e+04
5.136373300163805250e-02 2.937205791485441659e+04
5.192236009402974306e-02 2.897159758142714418e+04
5.248706276173727148e-02 2.856559322991476802e+04
5.305790708214194046e-02 2.814917103290140585e+04
5.363495985127653826e-02 2.772687937497514213e+04
5.421828859164103120e-02 2.729711972989192509e+04
5.480796156010368791e-02 2.686209945229101140e+04
5.540404775588816944e-02 2.642170829013333423e+04
5.600661692864700170e-02 2.597795073943740135e+04
5.661573958662328987e-02 2.553025955394455013e+04
5.723148700490131996e-02 2.508295825552665337e+04
5.785393123374624191e-02 2.463234073435482060e+04
5.848314510703506164e-02 2.418702668555553464e+04
5.911920225077931662e-02 2.373905783460332896e+04
5.976217709173987924e-02 2.330025034118980329e+04
6.041214486613603191e-02 2.286144482908195641e+04
6.106918162844921644e-02 2.243260767152992412e+04
6.173336426032204061e-02 2.200864104384228267e+04
6.240477047955454021e-02 2.159476861961388931e+04
6.308347884919840443e-02 2.119142809580578614e+04
6.376956878674941431e-02 2.079639766673465056e+04
6.446312057344051605e-02 2.041835546585447810e+04
6.516421536363591061e-02 2.004566351085246060e+04
6.587293519432682598e-02 1.969687395961241054e+04
6.658936299473097731e-02 1.934948396658817728e+04
6.731358259599662386e-02 1.903284248824321548e+04
6.804567874101143110e-02 1.871832677708127812e+04
6.878573709431870520e-02 1.843139547852937176e+04
6.953384425214140241e-02 1.815134610543192321e+04
7.029008775251453789e-02 1.789207115600401085e+04
7.105455608552857516e-02 1.764573318237469721e+04
7.182733870368399054e-02 1.741581897873900380e+04
7.260852603235795621e-02 1.720230209010093313e+04
7.339820948038547344e-02 1.699895863702756469e+04
7.419648145075563583e-02 1.681501366395174045e+04
7.500343535142339757e-02 1.663607528110286148e+04
7.581916560623984391e-02 1.647683674448304009e+04
7.664376766600110302e-02 1.631916793262551801e+04
7.747733801961689815e-02 1.617748807049929746e+04
7.831997420540118271e-02 1.603727338404615875e+04
7.917177482248562159e-02 1.590713587696130526e+04
8.003283954235643205e-02 1.577808709554080269e+04
8.090326912051749864e-02 1.565227881145748688e+04
8.178316540828022008e-02 1.552609736810884897e+04
8.267263136468100404e-02 1.539951621348321532e+04
8.357177106852894943e-02 1.526868327307486652e+04
8.448068973058467379e-02 1.513485405010693466e+04
8.539949370587081312e-02 1.499313984744348272e+04
8.632829050611715016e-02 1.484829398421125734e+04
8.726718881234110659e-02 1.468991215408314383e+04
8.821629848756429304e-02 1.452753339595942816e+04
8.917573058966811461e-02 1.435009376078282367e+04
9.014559738438925052e-02 1.416674036818538843e+04
9.112601235845563252e-02 1.397058516456504549e+04
9.211709023286607234e-02 1.376639361904857287e+04
9.311894697631437068e-02 1.355164124067193370e+04
9.413169981875858794e-02 1.332859740928431529e+04
9.515546726513868236e-02 1.309848990446782045e+04
9.619036910924338990e-02 1.286134678676265503e+04
9.723652644772706743e-02 1.261972032103415222e+04
9.829406169427981621e-02 1.237557328324587615e+04
9.936309859395169031e-02 1.212882171260872019e+04
1.004437622376319061e-01 1.188603157284815643e+04
1.015361790766864530e-01 1.164270706086315295e+04
1.026404769377542436e-01 1.140743892550213423e+04
1.037567850377049544e-01 1.117561070945938991e+04
1.048852339987583621e-01 1.095406618237270595e+04
1.060259558637691168e-01 1.074136512350874727e+04
1.071790841116777721e-01 1.053888881371441494e+04
1.083447536731288879e-01 1.035035762679290201e+04
1.095231009462598742e-01 1.016955639538402647e+04
1.107142638126617229e-01 1.000766716707747582e+04
1.119183816535122278e-01 9.850057239754019974e+03
1.131355953658856189e-01 9.715958418046837323e+03
1.143660473792397075e-01 9.583929873351244169e+03
1.156098816720812633e-01 9.471701793815533165e+03
1.168672437888136489e-01 9.362546109081205941e+03
1.181382808567676829e-01 9.267074203389282047e+03
1.194231416034167714e-01 9.175475544823882956e+03
1.207219763737802098e-01 9.091031206662137265e+03
1.220349371480158596e-01 9.009210919212951922e+03
1.233621775592029651e-01 8.929615001652138744e+03
1.247038529113196209e-01 8.849223772293185903e+03
1.260601201974156371e-01 8.767891753404568590e+03
1.274311381179819569e-01 8.681275525513814500e+03
1.288170670995210376e-01 8.592677115028027401e+03
1.302180693133191680e-01 8.494406422170814039e+03
1.316343086944217755e-01 8.393309398521949333e+03
1.330659509608162760e-01 8.281716217085922835e+03
1.345131636328237013e-01 8.166009420432826118e+03
1.359761160526997414e-01 8.042018298283080185e+03
1.374549794044503670e-01 7.913628089095848736e+03
1.389499267338631106e-01 7.779919126843606136e+03
1.404611329687545929e-01 7.644231055408198699e+03
1.419887749394397880e-01 7.506685316100660202e+03
1.435330313994238882e-01 7.370507493731935938e+03
1.450940830463177955e-01 7.233842306674868269e+03
1.466721125429824857e-01 7.104725238027246633e+03
1.482673045389034383e-01 6.975889789307641877e+03
1.498798456917958821e-01 6.859518955719985570e+03
1.515099246894467122e-01 6.744965389364675502e+03
1.531577322717938006e-01 6.642586302816637726e+03
1.548234612532439769e-01 6.544694393945325828e+03
1.565073065452353418e-01 6.456654412506568406e+03
1.582094651790447448e-01 6.374875789232604802e+03
1.599301363288421207e-01 6.299629605350743077e+03
1.616695213349967630e-01 6.230370644772845480e+03
1.634278237276372281e-01 6.164076387161906496e+03
1.652052492504659520e-01 6.101526705239994953e+03
1.670020058848344369e-01 6.039343995022960371e+03
1.688183038740800890e-01 5.977524005478588151e+03
1.706543557481264295e-01 5.914667571528826556e+03
1.725103763483523678e-01 5.848259027288615471e+03
1.743865828527317030e-01 5.779937626831864691e+03
1.762831948012447969e-01 5.707530580223598008e+03
1.782004341215681076e-01 5.632319520266133622e+03
1.801385251550429167e-01 5.553310155826974551e+03
1.820976946829251653e-01 5.472476310328291220e+03
1.840781719529222538e-01 5.389983891342689276e+03
1.860801887060184456e-01 5.307593513154671200e+03
1.881039792035904545e-01 5.224740647869951317e+03
1.901497802548194893e-01 5.145486257121844574e+03
1.922178312444015880e-01 5.066195216235765656e+03
1.943083741605574899e-01 4.994385970362262015e+03
1.964216536233488186e-01 4.923235590837627569e+03
1.985579169133024624e-01 4.859076174721910320e+03
2.007174140003442353e-01 4.796833437254678756e+03
2.029003975730492293e-01 4.739891842644353346e+03
2.051071230682101065e-01 4.685152761194002778e+03
2.073378487007252746e-01 4.633181608324933222e+03
2.095928354938138838e-01 4.582635162708790631e+03
2.118723473095595611e-01 4.532804857518315657e+03
2.141766508797842417e-01 4.482864403720251175e+03
2.165060158372599242e-01 4.432501066685813385e+03
2.188607147472597381e-01 4.380540729763527452e+03
2.212410231394501825e-01 4.327844714917668171e+03
2.236472195401323637e-01 4.273535026496295359e+03
2.260795855048337022e-01 4.218682562379151022e+03
2.285384056512521078e-01 4.163343925736488018e+03
2.310239676925607000e-01 4.108261828711518319e+03
2.335365624710743770e-01 4.054042483910127885e+03
2.360764839922809277e-01 4.001383685081852491e+03
2.386440294592438449e-01 3.950181986290624536e+03
2.412394993073797289e-01 3.901553923746656892e+03
2.438631972396116399e-01 3.854000272299447715e+03
2.465154302619067261e-01 3.809841765188791214e+03
2.491965087192007933e-01 3.766104152148416233e+03
2.519067463317109512e-01 3.724952726553835419e+03
2.546464602316456105e-01 3.683699211941018802e+03
2.574159710003139367e-01 3.643536096053655456e+03
2.602156027056361509e-01 3.603149302295362759e+03
2.630456829400644181e-01 3.562816725906168813e+03
2.659065428589162949e-01 3.522185939139962102e+03
2.687985172191222905e-01 3.481290820643879215e+03
2.717219444183975319e-01 3.440549929455798065e+03
2.746771665348396452e-01 3.399845998240668450e+03
2.776645293669541270e-01 3.360041582147081499e+03
2.806843824741184212e-01 3.320389136567694550e+03
2.837370792174854772e-01 3.282534788983380622e+03
2.868229768013296765e-01 3.244752293604689839e+03
2.899424363148453976e-01 3.209200489044027108e+03
2.930958227743996614e-01 3.173731134158634632e+03
2.962835051662420227e-01 3.139657496545725280e+03
2.995058564896815323e-01 3.105761109405862499e+03
3.027632538007332119e-01 3.072508852515650233e+03
3.060560782562368187e-01 3.039429551391598579e+03
3.093847151584576682e-01 3.006566270579253342e+03
3.127495540001728469e-01 2.973906538844770239e+03
3.161509885102452566e-01 2.941281181200097762e+03
3.195894166996953167e-01 2.909254498758084992e+03
3.230652409082748200e-01 2.877252581030039437e+03
3.265788678515434418e-01 2.846332940999896437e+03
3.301307086684607817e-01 2.815436992041291433e+03
3.337211789694957687e-01 2.785677168718348184e+03
3.373506988852563726e-01 2.756049801558159743e+03
3.410196931156513345e-01 2.727252014702699398e+03
3.447285909795863579e-01 2.698678837980370190e+03
3.484778264651977597e-01 2.670560011634225702e+03
3.522678382806357922e-01 2.642693087434922745e+03
3.560990699053999675e-01 2.615029134404772776e+03
3.599719696422297166e-01 2.587770805955449305e+03
3.638869906695627043e-01 2.560628941603958538e+03
3.678445910945633002e-01 2.534049239037255120e+03
3.718452340067249784e-01 2.507486216332930326e+03
3.758893875320585276e-01 2.481721415122186954e+03
3.799775248878700662e-01 2.455987701446299070e+03
3.841101244381311952e-01 2.430911641070666974e+03
3.882876697494547225e-01 2.405955018784276035e+03
3.925106496476791218e-01 2.381420700802701049e+03
3.967795582750653915e-01 2.357092945983118625e+03
4.010948951481188018e-01 2.333047411776324225e+03
4.054571652160400275e-01 2.309281895798229016e+03
4.098668789198082196e-01 2.285687628144566588e+03
4.143245522519101720e-01 2.262487354628372486e+03
4.188307068167194114e-01 2.239384011919202749e+03
4.233858698915278773e-01 2.216770502900630618e+03
4.279905744882452900e-01 2.194197668744659495e+03
4.326453594157698146e-01 2.172128372611673058e+03
4.373507693430327414e-01 2.150118669965931986e+03
4.421073548627330596e-01 2.128476501299805932e+03
4.469156725557650867e-01 2.106967447118886412e+03
4.517762850563429300e-01 2.085734859337023863e+03
4.566897611178369898e-01 2.064698257584525891e+03
4.616566756793268889e-01 2.043858812509256495e+03
4.666776099328736604e-01 2.023271157253909450e+03
4.717531513915282915e-01 2.002811241703253927e+03
4.768838939580793412e-01 1.982657146796382222e+03
4.820704379945444096e-01 1.962571564193384575e+03
4.873133903924214971e-01 1.942827166457002249e+03
4.926133646437044766e-01 1.923133452469017584e+03
4.979709809126665609e-01 1.903749340982875765e+03
5.033868661084287544e-01 1.884452529732662924e+03
5.088616539583179499e-01 1.865402388168085281e+03
5.143959850820175594e-01 1.846482361990159461e+03
5.199905070665301610e-01 1.827748010571166560e+03
5.256458745419547718e-01 1.809183723924169271e+03
5.313627492580836886e-01 1.790758019909034829e+03
5.371418001618372129e-01 1.772539395902995466e+03
5.429837034755405911e-01 1.754417992212222543e+03
5.488891427760475006e-01 1.736527097700845388e+03
5.548588090747283985e-01 1.718698017110735009e+03
5.608934008983297304e-01 1.701116102698213354e+03
5.669936243707072165e-01 1.683598777140792436e+03
5.731601932954523138e-01 1.666288046561337978e+03
5.793938292394186229e-01 1.649072136961978913e+03
5.856952616171506865e-01 1.632022455652041344e+03
5.920652277762363802e-01 1.615091930439997213e+03
5.985044730835881177e-01 1.598293144748833811e+03
6.050137510126561979e-01 1.581636116653020736e+03
6.115938232315967227e-01 1.565083533955445091e+03
6.182454596923985246e-01 1.548690054219325020e+03
6.249694387209733248e-01 1.532376774167496478e+03
6.317665471082316575e-01 1.516235636028542785e+03
6.386375802021494463e-01 1.500163052585138075e+03
6.455833420008296741e-01 1.484255245122750239e+03
6.526046452465829040e-01 1.468425029686018888e+03
6.597023115210295385e-01 1.452737179266545127e+03
6.668771713412322555e-01 1.437142123977828760e+03
6.741300642568782697e-01 1.421666295163145833e+03
6.814618389485198602e-01 1.406297339101107809e+03
6.888733533268763809e-01 1.391030900196920129e+03
6.963654746332229584e-01 1.375881062645427846e+03
7.039390795408707602e-01 1.360818485054064695e+03
7.115950542577446081e-01 1.345880326395846851e+03
7.193342946300828045e-01 1.331017323295636743e+03
7.271577062472645014e-01 1.316289552144385652e+03
7.350662045477709405e-01 1.301634951113385796e+03
7.430607149263055433e-01 1.287098559995677761e+03
7.511421728420792920e-01 1.272643430906784943e+03
7.593115239282661744e-01 1.258294350582506695e+03
7.675697241026574469e-01 1.244035770985151657e+03
7.759177396795176040e-01 1.229874796269712988e+03
7.843565474826513784e-01 1.215810519434383423e+03
7.928871349597065299e-01 1.201835092283381300e+03
8.015105002977203075e-01 1.187958572629437185e+03
8.102276525399151330e-01 1.174163319822346239e+03
8.190396117037719304e-01 1.160474402892386024e+03
8.279474089003874271e-01 1.146863071511508224e+03
8.369520864551225348e-01 1.133354276806054258e+03
8.460546980295700070e-01 1.119924430834574423e+03
8.552563087448488144e-01 1.106591959760933833e+03
8.645579953062314527e-01 1.093342951104938038e+03
8.739608461291352715e-01 1.080185897468869825e+03
8.834659614664829297e-01 1.067116458279380595e+03
8.930744535374411930e-01 1.054135258289672493e+03
9.027874466575666057e-01 1.041243330844711863e+03
9.126060773703684736e-01 1.028435742006484134e+03
9.225314945802923772e-01 1.015719559048032579e+03
9.325648596871600748e-01 1.003085531606659629e+03
9.427073467220702385e-01 9.905449701695677049e+02
9.529601424847700120e-01 9.780861134779065651e+02
9.633244466825279240e-01 9.657187643706949984e+02
9.738014720705178151e-01 9.534350831611375270e+02
9.843924445937211054e-01 9.412413920109989931e+02
9.950986035303808208e-01 9.291329195526353715e+02
1.005921201637016260e+00 9.171119219963773048e+02
1.016861505295000301e+00 9.051780548123716699e+02
1.027920794658759629e+00 8.933308416575209776e+02
1.039100363805551819e+00 8.815722391990628921e+02
1.050401520886898199e+00 8.698996546185303487e+02
1.061825588281652077e+00 8.583162651613548633e+02
1.073373902750733855e+00 8.468185407992718865e+02
1.085047815593547238e+00 8.354114150067827040e+02
1.096848692806105863e+00 8.240905260074891885e+02
1.108777915240860779e+00 8.128590909111882183e+02
1.120836878768285194e+00 8.017153460602455652e+02
1.133026994440207824e+00 7.906610995139523084e+02
1.145349688654922371e+00 7.796954991444290499e+02
1.157806403324093791e+00 7.688191661121609286e+02
1.170398596041488215e+00 7.580325128790432245e+02
1.183127740253516524e+00 7.473353491015361669e+02
1.195995325431655765e+00 7.367286128206070543e+02
1.209002857246733065e+00 7.262116391633221610e+02
1.222151857745109149e+00 7.157858686897209282e+02
1.235443865526773877e+00 7.054503483330213385e+02
1.248880435925392662e+00 6.952064820667703771e+02
1.262463141190285132e+00 6.850535454574678624e+02
1.276193570670407063e+00 6.749924819575551282e+02
1.290073331000324064e+00 6.650230996679567852e+02
1.304104046288206087e+00 6.551459267972327325e+02
1.318287358305867407e+00 6.453610634109842294e+02
1.332624926680884947e+00 6.356687518973543547e+02
1.347118429090779834e+00 6.260693327775784383e+02
1.361769561459337474e+00 6.165628389932766140e+02
1.376580038155049479e+00 6.071496780199075829e+02
1.391551592191717202e+00 5.978297822065526361e+02
1.406685975431232860e+00 5.886036078324868868e+02
1.421984958788580666e+00 5.794710466306509034e+02
1.437450332439040412e+00 5.704324515133691875e+02
1.453083906027671235e+00 5.614877965422866737e+02
1.468887508881060233e+00 5.526372986547070241e+02
1.484862990221377466e+00 5.438809841742857998e+02
1.501012219382754642e+00 5.352189572326807365e+02
1.517337086030033699e+00 5.266512646782408638e+02
1.533839500379863274e+00 5.181779268532213791e+02
1.550521393424229677e+00 5.097989831119190853e+02
1.567384717156406149e+00 5.015143887412432377e+02
1.584431444799358601e+00 4.933241569631133530e+02
1.601663571036636480e+00 4.852281898189173717e+02
1.619083112245788048e+00 4.772264562370095291e+02
1.636692106734282781e+00 4.693188226537374703e+02
1.654492614978032350e+00 4.615051959831554882e+02
1.672486719862488869e+00 4.537854157887421707e+02
1.690676526926370160e+00 4.461593268790418847e+02
1.709064164608028902e+00 4.386267359100820045e+02
1.727651784494522946e+00 4.311874325077280332e+02
1.746441561573356394e+00 4.238411824544055548e+02
1.765435694486994445e+00 4.165877251290247045e+02
1.784636405790129610e+00 4.094267839227273953e+02
1.804045942209749009e+00 4.023580508590090403e+02
1.823666574908025417e+00 3.953812051371473899e+02
1.843500599748087110e+00 3.884958943479948061e+02
1.863550337562641435e+00 3.817017525136954532e+02
1.883818134425555790e+00 3.749983859669440562e+02
1.904306361926374924e+00 3.683853844096184389e+02
1.925017417447826285e+00 3.618623139709570751e+02
1.945953724446341182e+00 3.554287222531989414e+02
1.967117732735644609e+00 3.490841363784438727e+02
1.988511918773392395e+00 3.428280643714758753e+02
2.010138785950962514e+00 3.366599957099688254e+02
2.032000864886380764e+00 3.305794012666870003e+02
2.054100713720434346e+00 3.245857348026157752e+02
2.076440918416002646e+00 3.186784323653160413e+02
2.099024093060666285e+00 3.128569140770527497e+02
2.121852880172561129e+00 3.071205835893576932e+02
2.144929951009603375e+00 3.014688296055773549e+02
2.168258005882058637e+00 2.959010258057400620e+02
2.191839774468510083e+00 2.904165318775449691e+02
2.215678016135262052e+00 2.850146938641460110e+02
2.239775520259239094e+00 2.796948449056193340e+02
2.264135106554351573e+00 2.744563057863942390e+02
2.288759625401454390e+00 2.692983855432057680e+02
2.313651958181876633e+00 2.642203820867938475e+02
2.338815017614574998e+00 2.592215827682840086e+02
2.364251748096959371e+00 2.543012650067526863e+02
2.389965126049439004e+00 2.494586968400651017e+02
2.415958160263676824e+00 2.446931375381224996e+02
2.442233892254671801e+00 2.400038381497473665e+02
2.468795396616653814e+00 2.353900420887024154e+02
2.495645781382846096e+00 2.308509856793374126e+02
2.522788188389143205e+00 2.263858987123998645e+02
2.550225793641763161e+00 2.219940049817739691e+02
2.577961807688852858e+00 2.176745228166605273e+02
2.605999475996180426e+00 2.134266656017618686e+02
2.634342079326892350e+00 2.092496422875100848e+02
2.662992934125404165e+00 2.051426578904610381e+02
2.691955392905461597e+00 2.011049139819872948e+02
2.721232844642447635e+00 1.971356091670230910e+02
2.750828715169905347e+00 1.932339395508050188e+02
2.780746467580422987e+00 1.893990991950964542e+02
2.810989602630856066e+00 1.856302805625060728e+02
2.841561659151959685e+00 1.819266749496848092e+02
2.872466214462471079e+00 1.782874729087888568e+02
2.903706884787724984e+00 1.747118646574539014e+02
2.935287325682762294e+00 1.711990404771072463e+02
2.967211232460099879e+00 1.677481910996552870e+02
2.999482340622123377e+00 1.643585080825361615e+02
3.032104426298188216e+00 1.610291841721538901e+02
3.065081306686469276e+00 1.577594136557333115e+02
3.098416840500644476e+00 1.545483927016311156e+02
3.132114928421378952e+00 1.513953196881796543e+02
3.166179513552776381e+00 1.482993955211161676e+02
3.200614581883765908e+00 1.452598239396967870e+02
3.235424162754517052e+00 1.422758118115809793e+02
3.270612329327912349e+00 1.393465694165972479e+02
3.306183199066188738e+00 1.364713107194982626e+02
3.342140934212691761e+00 1.336492536318398550e+02
3.378489742278938834e+00 1.308796202631038739e+02
3.415233876536942326e+00 1.281616371612150544e+02
3.452377636516899440e+00 1.254945355425943490e+02
3.489925368510281789e+00 1.228775515119069013e+02
3.527881466078438333e+00 1.203099262716606859e+02
3.566250370566651284e+00 1.177909063218306613e+02
3.605036571623862596e+00 1.153197436496705421e+02
3.644244607728008845e+00 1.128956959098973272e+02
3.683879066717083539e+00 1.105180265954248142e+02
3.723944586325963257e+00 1.081860051988343230e+02
3.764445854729112639e+00 1.058989073647666856e+02
3.805387611089114941e+00 1.036560150334350254e+02
3.846774646111243978e+00 1.014566165754428511e+02
3.888611802604029943e+00 9.930000691811029867e+01
3.930903976045929671e+00 9.718548766350438939e+01
3.973656115158151980e+00 9.511236719837407350e+01
4.016873222483751782e+00 9.307996079618702367e+01
4.060560354972945873e+00 9.108759071147716213e+01
4.104722624574868917e+00 8.913458626669580553e+01
4.149365198835729629e+00 8.722028393177465944e+01
4.194493301503480431e+00 8.534402739660053783e+01
4.240112213139052955e+00 8.350516763660330355e+01
4.286227271734285083e+00 8.170306297165609521e+01
4.332843873336480023e+00 7.993707911849310221e+01
4.379967472679852314e+00 7.820658923683545538e+01
4.427603583823785272e+00 7.651097396942947171e+01
4.475757780798051755e+00 7.484962147618860229e+01
4.524435698255034666e+00 7.322192746263517904e+01
4.573643032129088404e+00 7.162729520283170359e+01
4.623385540302984431e+00 7.006513555699483220e+01
4.673669043281689639e+00 6.853486698397490784e+01
4.724499424873429554e+00 6.703591554878931902e+01
4.775882632878172274e+00 6.556771492539046164e+01
4.827824679783585538e+00 6.412970639484909441e+01
4.880331643468611702e+00 6.272133883912761121e+01
4.933409667914595786e+00 6.134206873062137788e+01
