1.000000000000000048e-04 1.718359191156834640e+03
1.010875905230133447e-04 1.737004193944446570e+03
1.021870095774840586e-04 1.755853393710146065e+03
1.032983858093995233e-04 1.774939497269103640e+03
1.044218492638883080e-04 1.794239131617159956e+03
1.055575314004375212e-04 1.813688114944026665e+03
1.067055651082755114e-04 1.833356075747454042e+03
1.078660847219209531e-04 1.853284204935850312e+03
1.090392260369020023e-04 1.873420356156224443e+03
1.102251263256464453e-04 1.893754868324610698e+03
1.114239243535436523e-04 1.914312537250649029e+03
1.126357603951822395e-04 1.935096292818369648e+03
1.138607762507642534e-04 1.956127483767123294e+03
1.150991152626969872e-04 1.977401868870200587e+03
1.163509223323661718e-04 1.998873651576136126e+03
1.176163439370915960e-04 2.020567623312756950e+03
1.188955281472661886e-04 2.042500033544611370e+03
1.201886246436823956e-04 2.064669698221811359e+03
1.214957847350471543e-04 2.087053333891190960e+03
1.228171613756862243e-04 2.109694039612605138e+03
1.241529091834420607e-04 2.132635256376513098e+03
1.255031844577665331e-04 2.155809214256731593e+03
1.268681451980091664e-04 2.179204843808632631e+03
1.282479511219053903e-04 2.202856332270166149e+03
1.296427636842660156e-04 2.226766430078384474e+03
1.310527460958686718e-04 2.250916583890902984e+03
1.324780633425559466e-04 2.275318923698457638e+03
1.339188822045412047e-04 2.300014663425809886e+03
1.353753712759231973e-04 2.324985674314961670e+03
1.368477009844141232e-04 2.350199029088647421e+03
1.383360436112822270e-04 2.375685433377542267e+03
1.398405733115101529e-04 2.401450346528421960e+03
1.413614661341735005e-04 2.427508424177728557e+03
1.428989000430415065e-04 2.453887294046563966e+03
1.444530549373999331e-04 2.480533002839102664e+03
1.460241126731021816e-04 2.507439967717680247e+03
1.476122570838491724e-04 2.534621653820793654e+03
1.492176740026992111e-04 2.562085070826665287e+03
1.508405512838133710e-04 2.589859745825438040e+03
1.524810788244372042e-04 2.617941519347029498e+03
1.541394485871202722e-04 2.646370855023148124e+03
1.558158546221786740e-04 2.675114479480600494e+03
1.575104930904017359e-04 2.704090857053595300e+03
1.592235622860045175e-04 2.733382388511416138e+03
1.609552626598311745e-04 2.762992917214780391e+03
1.627057968428107513e-04 2.792930545768012053e+03
1.644753696696664869e-04 2.823204820689109965e+03
1.662641882028847876e-04 2.853823062836244844e+03
1.680724617569444345e-04 2.884791104312981133e+03
1.699004019228081690e-04 2.916065381120911297e+03
1.717482225926820485e-04 2.947660988279553749e+03
1.736161399850439009e-04 2.979587193157140973e+03
1.755043726699428302e-04 3.011856676308382248e+03
1.774131415945749495e-04 3.044461858208194371e+03
1.793426701091378078e-04 3.077430569462926087e+03
1.812931839929638638e-04 3.110888288592830577e+03
1.832649114809402975e-04 3.144655890196018390e+03
1.852580832902157827e-04 3.178604265707975173e+03
1.872729326471963347e-04 3.212975060988806490e+03
1.893096953148362249e-04 3.247808939633717273e+03
1.913686096202258020e-04 3.282978749924368003e+03
1.934499164824777693e-04 3.318492301971616598e+03
1.955538594409182295e-04 3.354444243223830654e+03
1.976806846835845051e-04 3.390811967322256805e+03
1.998306410760310355e-04 3.427454297714732547e+03
2.020039801904505584e-04 3.464470167070823209e+03
2.042009563351116636e-04 3.501965349583251736e+03
2.064218265841149375e-04 3.539871407855679081e+03
2.086668508074745868e-04 3.578200562044512935e+03
2.109362917015270835e-04 3.616949894301267705e+03
2.132304148196686761e-04 3.656129403501053275e+03
2.155494886034291929e-04 3.695672386595870648e+03
2.178937844138838188e-04 3.735562910453123095e+03
2.202635765634043349e-04 3.775987394186202437e+03
2.226591423477579542e-04 3.816923112732654317e+03
2.250807620785549444e-04 3.858217704561231585e+03
2.275287191160475060e-04 3.899930341925291486e+03
2.300032999022870591e-04 3.942108739933981269e+03
2.325047939946423003e-04 3.984742802267909610e+03
2.350334940996797069e-04 4.027729948538310055e+03
2.375896961074149471e-04 4.071204854559176511e+03
2.401736991259351692e-04 4.115240483228436460e+03
2.427858055163994056e-04 4.159715842019531010e+03
2.454263209284171196e-04 4.204598939659465941e+03
2.480955543358148697e-04 4.249991809643745910e+03
2.507938180727886245e-04 4.295900801006880101e+03
2.535214278704516215e-04 4.342295691764811636e+03
2.562787028937784750e-04 4.389187602025893284e+03
2.590659657789527422e-04 4.436624179399541390e+03
2.618835426711173253e-04 4.484585538544582960e+03
2.647317632625400142e-04 4.532900071431607103e+03
2.676109608311895080e-04 4.581737349903107315e+03
2.705214722797344928e-04 4.631173713237325501e+03
2.734636381749647443e-04 4.681142812780079112e+03
2.764378027876432018e-04 4.731640831827730835e+03
2.794443141327876022e-04 4.782655003287963154e+03
2.824835240103954447e-04 4.834173927006380836e+03
2.855557880466066479e-04 4.886294528637100484e+03
2.886614657353176144e-04 4.939016047626800173e+03
2.918009204802459984e-04 4.992208247774376105e+03
2.949745196374548495e-04 5.045934699622092012e+03
2.981826345583356449e-04 5.100256637287399826e+03
3.014256406330636010e-04 5.155171186977703655e+03
3.047039173345210883e-04 5.210759659144078796e+03
3.080178482627017275e-04 5.266910350930745153e+03
3.113678211895961972e-04 5.323440533421608052e+03
3.147542281045673414e-04 5.380637943199991241e+03
3.181774652602160957e-04 5.438578220284470262e+03
3.216379332187502662e-04 5.497096451661574065e+03
3.251360368988533969e-04 5.556188675864177640e+03
3.286721856230664647e-04 5.615894176532236997e+03
3.322467931656834317e-04 5.676229720750026900e+03
3.358602778011691666e-04 5.737207938222708435e+03
3.395130623531006017e-04 5.798844724061337729e+03
3.432055742436453290e-04 5.861109046740661142e+03
3.469382455435727022e-04 5.924050482267461121e+03
3.507115130228133826e-04 5.987748628980458307e+03
3.545258182015658104e-04 6.052102412737131999e+03
3.583816074019615825e-04 6.117017873126676022e+03
3.622793318002878390e-04 6.182633762888214733e+03
3.662194474797837891e-04 6.248953746497429165e+03
3.702024154840057924e-04 6.315922425521486730e+03
3.742287018707762835e-04 6.383550318780487032e+03
3.782987777667183278e-04 6.451905760057299631e+03
3.824131194223844834e-04 6.521000302488166199e+03
3.865722082679815940e-04 6.590937800343494928e+03
3.907765309697075603e-04 6.661656167780846772e+03
3.950265794866943971e-04 6.732856043337025767e+03
3.993228511285754653e-04 6.804833678831660109e+03
4.036658486136761206e-04 6.877696338073064908e+03
4.080560801278398670e-04 6.951280318527995405e+03
4.124940593838895275e-04 7.025471848942786892e+03
4.169803056817417554e-04 7.100545954258566780e+03
4.215153439691684341e-04 7.176542135570125538e+03
4.260997049032242117e-04 7.253143281367430063e+03
4.307339249123390843e-04 7.330410581649777669e+03
4.354185462590890398e-04 7.408719452700223883e+03
4.401541171036449243e-04 7.487957612079710998e+03
4.449411915679172039e-04 7.567720575619642659e+03
4.497803298003925552e-04 7.648303823159072635e+03
4.546720980416797415e-04 7.729853882965738194e+03
4.596170686907665088e-04 7.812251273618098821e+03
4.646158203719990480e-04 7.895360708262422122e+03
4.696689380027851079e-04 7.979384059300112312e+03
4.747770128620408168e-04 8.064342877810499886e+03
4.799406426593742195e-04 8.150165746444288743e+03
4.851604316050268885e-04 8.236856024352291570e+03
4.904369904805733378e-04 8.324411856484543023e+03
4.957709367103918475e-04 8.412873563248858773e+03
5.011628944339079983e-04 8.502228143299709700e+03
5.066134945786305958e-04 8.592534255196158483e+03
5.121233749339744543e-04 8.683683522091150735e+03
5.176931802258924291e-04 8.775811272791026568e+03
5.233235621923151793e-04 8.868921088800860161e+03
5.290151796594145996e-04 8.962994370034406529e+03
5.347686986186917868e-04 9.057930699786580590e+03
5.405847923049104681e-04 9.153820741097200880e+03
5.464641412748700352e-04 9.250627373139253905e+03
5.524074334870418199e-04 9.348463301066738495e+03
5.584153643820675278e-04 9.447342525975547687e+03
5.644886369641372850e-04 9.547225233853077953e+03
5.706279618832458883e-04 9.648160522634321751e+03
5.768340575183523045e-04 9.750107625335434932e+03
5.831076500614351546e-04 9.853145696925737866e+03
5.894494736024691187e-04 9.957082441677603128e+03
5.958602702153210700e-04 1.006211536066348708e+04
6.023407900445845861e-04 1.016810113169056785e+04
6.088917913933525111e-04 1.027515822383282648e+04
6.155140408119528323e-04 1.038318239367064052e+04
6.222083131876400639e-04 1.049239909535101287e+04
6.289753918352700016e-04 1.060282640638798148e+04
6.358160685889557894e-04 1.071425626763170112e+04
6.427311438947253550e-04 1.082676066417322727e+04
6.497214269041789135e-04 1.094043220226851736e+04
6.567877355691758125e-04 1.105531951317875792e+04
6.639308967375400937e-04 1.117119473860609833e+04
6.711517462498151282e-04 1.128828501928823425e+04
6.784511290370659172e-04 1.140637541819121179e+04
6.858298992197500894e-04 1.152574329043072066e+04
6.932889202076553212e-04 1.164638639965265611e+04
7.008290648009353778e-04 1.176813764368936609e+04
7.084512152922333925e-04 1.189083073560859339e+04
7.161562635699245854e-04 1.201498223967781450e+04
7.239451112224767936e-04 1.214061042165499384e+04
7.318186696439508239e-04 1.226715504850739308e+04
7.397778601406399760e-04 1.239483436842853553e+04
7.478236140388805049e-04 1.252384656177912620e+04
7.559568727940232631e-04 1.265424645832229726e+04
7.641785881005990497e-04 1.278585021134853741e+04
7.724897220036775576e-04 1.291881915957172168e+04
7.808912470114417114e-04 1.305277745095591490e+04
7.893841462089780468e-04 1.318813746377651114e+04
7.979694133733166318e-04 1.332481068016890458e+04
8.066480530897100158e-04 1.346283219421452850e+04
8.154210808691853560e-04 1.360215293175802071e+04
8.242895232673706990e-04 1.374296251745759218e+04
8.332544180046185097e-04 1.388528180100674945e+04
8.423168140874257980e-04 1.402869127770225532e+04
8.514777719311885729e-04 1.417347126430639946e+04
8.607383634842773971e-04 1.431904104666075546e+04
8.700996723534725310e-04 1.446606882112136918e+04
8.795627939307581241e-04 1.461498741816527036e+04
8.891288355215003908e-04 1.476545024268736415e+04
8.987989164740102033e-04 1.491716050467642344e+04
9.085741683105281585e-04 1.507042699674587857e+04
9.184557348596207333e-04 1.522515524804682354e+04
9.284447723900265612e-04 1.538108473040343779e+04
9.385424497459522860e-04 1.553815262492407783e+04
9.487499484838465098e-04 1.569685781265749756e+04
9.590684630106498807e-04 1.585724282909518661e+04
9.694992007235633900e-04 1.601928569370363039e+04
9.800433821513230594e-04 1.618306178751953121e+04
9.907022410970201583e-04 1.634783559570282887e+04
1.001477024782472264e-03 1.651428137000924835e+04
1.012368993994161321e-03 1.668190643211697534e+04
1.023379423230766231e-03 1.685124089297821411e+04
1.034509600852292696e-03 1.702202013686505597e+04
1.045760829230825461e-03 1.719456897189010851e+04
1.057134424902925500e-03 1.736884578469400731e+04
1.068631718723681272e-03 1.754445777872548570e+04
1.080254056022433547e-03 1.772146615136068431e+04
1.092002796760199821e-03 1.790008150700189071e+04
1.103879315688804409e-03 1.808048145492724507e+04
1.115885002511740219e-03 1.826246157613866671e+04
1.128021262046785197e-03 1.844633476343296570e+04
1.140289514390381478e-03 1.863120826577158368e+04
1.152691195083804972e-03 1.881800888415694862e+04
1.165227755281144500e-03 1.900645770187969902e+04
1.177900661919103250e-03 1.919667912754268764e+04
1.190711397888646840e-03 1.938824614140655103e+04
1.203661462208523592e-03 1.958161259737888031e+04
1.216752370200667194e-03 1.977669981272809309e+04
1.229985653667508639e-03 1.997367612413665847e+04
1.243362861071218911e-03 2.017262146356171434e+04
1.256885557714897171e-03 2.037273685833275158e+04
1.270555325925727631e-03 2.057465857102401424e+04
1.284373765240137211e-03 2.077823355350436759e+04
1.298342492590958547e-03 2.098390095767668390e+04
1.312463142496631723e-03 2.119053454476770639e+04
1.326737367252466861e-03 2.139930554828788445e+04
1.341166837123981435e-03 2.160987192911519378e+04
1.355753240542339642e-03 2.182229957535924768e+04
1.370498284301924392e-03 2.203618461697463135e+04
1.385403693760052556e-03 2.225194021466565027e+04
1.400471213038862297e-03 2.246955548551557877e+04
1.415702605229401338e-03 2.268909945979272379e+04
1.431099652597929385e-03 2.291077461736325859e+04
1.446664156794461378e-03 2.313371783017848065e+04
1.462397939063588871e-03 2.335877350703051343e+04
1.478302840457586687e-03 2.358479986771151380e+04
1.494380722051839123e-03 2.381315616468757798e+04
1.510633465162611712e-03 2.404371013899422542e+04
1.527062971567188284e-03 2.427626634455661770e+04
1.543671163726398907e-03 2.450978165226769488e+04
1.560459985009577093e-03 2.474551726158122983e+04
1.577431399921956677e-03 2.498332234074031658e+04
1.594587394334542841e-03 2.522262155244054156e+04
1.611929975716489168e-03 2.546360399017843883e+04
1.629461173369992858e-03 2.570642650072461402e+04
1.647183038667746936e-03 2.595153861628803861e+04
1.665097645292980657e-03 2.619825265400111311e+04
1.683207089482105252e-03 2.644744482096378852e+04
1.701513490269999712e-03 2.669744392311626871e+04
1.720018989737968039e-03 2.694999399498978892e+04
1.738725753264387924e-03 2.720439499971482292e+04
1.757635969778083805e-03 2.746089862364641886e+04
1.776751852014463997e-03 2.771863873200124726e+04
1.796075636774437274e-03 2.797843748949667133e+04
1.815609585186145781e-03 2.824014401028885186e+04
1.835355982969550260e-03 2.850372297731934304e+04
1.855317140703885382e-03 2.876951003620371557e+04
1.875495394098022905e-03 2.903626248654458686e+04
1.895893104263784946e-03 2.930526752536423373e+04
1.916512657992221246e-03 2.957735901704150092e+04
1.937356468032893795e-03 2.985217539983536335e+04
1.958426973376203514e-03 3.012580027281009461e+04
1.979726639538780236e-03 3.040224766440353415e+04
2.001257958851974592e-03 3.068113746183665353e+04
2.023023450753498858e-03 3.096207621169525009e+04
2.045025662082231282e-03 3.124429598025949599e+04
2.067267167376226396e-03 3.152846290726676671e+04
2.089750569173974473e-03 3.181462095521623996e+04
2.112478498318927887e-03 3.210214466857464140e+04
2.135453614267339081e-03 3.239187944923098985e+04
2.158678605399456506e-03 3.268354354773956584e+04
2.182156189334097645e-03 3.297808290544957708e+04
2.205889113246642472e-03 3.327335914010014676e+04
2.229880154190493329e-03 3.357122741806357953e+04
2.254132119422024624e-03 3.386828563419368584e+04
2.278647846729058360e-03 3.416833737468091567e+04
2.303430204762931411e-03 3.447100567042652256e+04
2.328482093374159741e-03 3.477557415195573412e+04
2.353806443951757255e-03 3.508148949804918811e+04
2.379406219766251347e-03 3.538976187004532403e+04
2.405284416316419427e-03 3.570063572838174878e+04
2.431444061679793704e-03 3.601177526611112989e+04
2.457888216866993634e-03 3.632504564761278743e+04
2.484619976179900779e-03 3.663860279458828882e+04
2.511642467573727260e-03 3.695505986435875820e+04
2.538958853023034600e-03 3.727390199520630267e+04
2.566572328891721620e-03 3.759526680245509488e+04
2.594486126307030821e-03 3.791554999861025135e+04
2.622703511537642206e-03 3.823836331544569839e+04
2.651227786375863656e-03 3.856266401398982271e+04
2.680062288523981165e-03 3.888965113292076421e+04
2.709210391984819694e-03 3.921924755177586485e+04
2.738675507456539340e-03 3.954912858798076195e+04
2.768461082731724088e-03 3.988058538787145517e+04
2.798570603100826882e-03 4.021284226270105864e+04
2.829007591759988803e-03 4.054787825545878150e+04
2.859775610223295669e-03 4.088327331970549858e+04
2.890878258739528004e-03 4.122161678311343712e+04
2.922319176713432127e-03 4.155860043273252813e+04
2.954102043131569180e-03 4.189882377855941741e+04
2.986230576992811477e-03 4.224133997280661424e+04
3.018708537743512201e-03 4.258482019459722505e+04
3.051539725717402219e-03 4.292749986318356241e+04
3.084727982580288616e-03 4.327281957745971886e+04
3.118277191779572719e-03 4.362092006546201446e+04
3.152191278998653975e-03 4.396904657853814570e+04
3.186474212616296434e-03 4.431917293045618862e+04
3.221130004170975197e-03 4.466990385004119889e+04
3.256162708830274369e-03 4.502377874966710806e+04
3.291576425865407225e-03 4.537587695423077093e+04
3.327375299130857274e-03 4.573093950024617516e+04
3.363563517549291153e-03 4.608500302478064987e+04
3.400145315601691733e-03 4.644133885025867494e+04
3.437124973822857591e-03 4.679760591447999468e+04
3.474506819302276232e-03 4.715590961160484585e+04
3.512295226190460373e-03 4.751573170117597328e+04
3.550494616210754257e-03 4.787592271491842985e+04
3.589109459176761333e-03 4.823752159353448951e+04
3.628144273515343000e-03 4.859921595894091297e+04
3.667603626795347144e-03 4.896345045693335123e+04
3.707492136262063431e-03 4.932617398062194843e+04
3.747814469377514206e-03 4.969184639822040481e+04
3.788575344366583181e-03 5.005453570532947197e+04
3.829779530769134108e-03 5.042002591762422526e+04
3.871431849998084335e-03 5.078472572994921211e+04
3.913537175903583284e-03 5.115140564057583106e+04
3.956100435343310601e-03 5.151826487396574521e+04
3.999126608758994152e-03 5.188615418545938155e+04
4.042620730759157420e-03 5.225499522411903308e+04
4.086587890708266724e-03 5.262305815269605228e+04
4.131033233322221020e-03 5.299245805493505759e+04
4.175961959270365134e-03 5.335983094237932528e+04
4.221379325784027289e-03 5.372961977733072126e+04
4.267290647271698885e-03 5.409638405689495994e+04
4.313701295940856537e-03 5.446597194243260310e+04
4.360616702426612853e-03 5.483272155755699350e+04
4.408042356427142178e-03 5.520197888515001978e+04
4.455983807346057361e-03 5.557081733335836179e+04
4.504446664941757529e-03 5.594010706318577286e+04
4.553436599983854381e-03 5.630804250651077018e+04
4.602959344916695249e-03 5.667501342336159723e+04
4.653020694530166784e-03 5.704189556553163129e+04
4.703626506637726377e-03 5.740746408273311681e+04
4.754782702761861657e-03 5.777472894575133978e+04
4.806495268826972006e-03 5.813944407008428243e+04
4.858770255859819545e-03 5.850692683970129292e+04
4.911613780697536569e-03 5.886807652123476873e+04
4.965032026703420157e-03 5.923175100270408439e+04
5.019031244490423753e-03 5.959187499485701119e+04
5.073617752652580769e-03 5.995355369908753346e+04
5.128797938504347197e-03 6.031385261337665725e+04
5.184578258828024568e-03 6.067332688728304493e+04
5.240965240629242433e-03 6.103105681352101237e+04
5.297965481900749306e-03 6.138635203749380889e+04
5.355585652394420117e-03 6.174139878456045699e+04
5.413832494401723920e-03 6.209375056054649031e+04
5.472712823542648375e-03 6.244781458880015998e+04
5.532233529563234525e-03 6.279475985865332041e+04
5.592401577141725352e-03 6.314383078870009922e+04
5.653224006703567485e-03 6.348855131137723220e+04
5.714707935245190613e-03 6.383452335045549262e+04
5.776860557166808331e-03 6.417508172767239739e+04
5.839689145114244744e-03 6.451559261884451553e+04
5.903201050829945569e-03 6.485325821609597187e+04
5.967403706013190215e-03 6.518861160487067536e+04
6.032304623189736412e-03 6.552194445222043578e+04
6.097911396590843629e-03 6.585028778779250570e+04
6.164231703041916401e-03 6.617783068249191274e+04
6.231273302860777970e-03 6.650096205206081504e+04
6.299044040765752056e-03 6.682577732196020952e+04
6.367551846793551018e-03 6.714148913988618006e+04
6.436804737227238421e-03 6.745887460432558146e+04
6.506810815534195755e-03 6.776996484623716970e+04
6.577578273314352644e-03 6.808060107690352015e+04
6.649115391258697896e-03 6.838428001457374194e+04
6.721430540118249197e-03 6.868592911373617244e+04
6.794532181683492732e-03 6.898353585309268965e+04
6.868428869774573751e-03 6.927729513693356421e+04
6.943129251242154826e-03 6.956893313214319642e+04
7.018642066979231472e-03 6.985415346548336674e+04
7.094976152943918181e-03 7.013877547306368069e+04
7.172140441193393043e-03 7.041408318424673053e+04
7.250143960929012268e-03 7.069019087956551812e+04
7.328995839552899898e-03 7.095515411705356382e+04
7.408705303735919900e-03 7.122066520456364378e+04
7.489281680497338577e-03 7.147806513322662795e+04
7.570734398296193740e-03 7.173316176843525318e+04
7.653072988134574511e-03 7.198058069426042493e+04
7.736307084672812591e-03 7.222399876698415028e+04
7.820446427356924149e-03 7.246268975609181507e+04
7.905500861558193912e-03 7.269432001538228360e+04
7.991480339725237983e-03 7.292272499070667254e+04
8.078394922548555804e-03 7.314146527168170724e+04
8.166254780137785496e-03 7.335920737772500433e+04
8.255070193211679064e-03 7.356643457159267564e+04
8.344851554301148736e-03 7.377335041437292239e+04
8.435609368965259550e-03 7.396619613600951561e+04
8.527354257020551553e-03 7.415759170674846973e+04
8.620096953783672536e-03 7.433954893587149854e+04
8.713848311327586707e-03 7.451753136197844287e+04
8.808619299751333301e-03 7.468779651770213968e+04
8.904421008463753173e-03 7.485048813152968069e+04
9.001264647481015124e-03 7.500675750240181515e+04
9.099161548738368688e-03 7.515350059704032901e+04
9.198123167416111245e-03 7.529677632974363223e+04
9.298161083280024469e-03 7.542744699824944837e+04
9.399287002036281827e-03 7.555679425049408746e+04
9.501512756701253892e-03 7.566959487117166282e+04
9.604850308986041460e-03 7.578104742407266167e+04
9.709311750696190957e-03 7.587943075281204074e+04
9.814909305146573074e-03 7.597422282582875050e+04
9.921655328591702169e-03 7.605874852299757185e+04
1.002956231167151380e-02 7.613570606280065840e+04
1.013864288087296117e-02 7.620290553667317727e+04
1.024890980000750171e-02 7.625971418374095811e+04
1.036037597170456903e-02 7.630960016979281500e+04
1.047305443892136874e-02 7.634755449414876057e+04
1.058695838646910546e-02 7.638168110960976628e+04
1.070210114255571061e-02 7.640288945132485242e+04
1.081849618034543686e-02 7.642173610200968687e+04
1.093615711953543554e-02 7.641956274328019936e+04
1.105509772794935168e-02 7.641056118768754823e+04
1.117533192314838081e-02 7.637397366675802914e+04
1.129687377405982733e-02 7.634537491791500361e+04
1.141973750262328079e-02 7.633195459196159209e+04
1.154393748545480027e-02 7.634556780976292794e+04
1.166948825552919199e-02 7.638640773154383351e+04
1.179640450388048240e-02 7.638989561579321162e+04
1.192470108132099270e-02 7.637293231235428539e+04
1.205439300017911025e-02 7.629124735837666958e+04
1.218549543605584179e-02 7.619257479084224906e+04
1.231802372960059608e-02 7.608000589718313131e+04
1.245199338830626709e-02 7.596488980927178636e+04
1.258742008832373395e-02 7.584209410549352469e+04
1.272431967629620783e-02 7.571259816212047008e+04
1.286270817121352647e-02 7.556609626654743624e+04
1.300260176628650725e-02 7.540978501022690034e+04
1.314401683084179262e-02 7.523985982359017362e+04
1.328696991223730570e-02 7.506030889596781344e+04
1.343147773779843242e-02 7.487264621821545006e+04
1.357755721677536206e-02 7.467136599204300728e+04
1.372522544232172501e-02 7.446319629722059472e+04
1.387449969349463172e-02 7.423636301070275658e+04
1.402539743727657974e-02 7.400427607010920474e+04
1.417793633061935690e-02 7.375212584757943114e+04
1.433213422251003802e-02 7.349718714111611189e+04
1.448800915605959541e-02 7.323888718422991224e+04
1.464557937061420484e-02 7.296868854800767440e+04
1.480486330388940119e-02 7.267561491218500305e+04
1.496587959412756796e-02 7.234125514233745344e+04
1.512864708227888710e-02 7.195962494723657437e+04
1.529318481420588634e-02 7.156544364467276318e+04
1.545951204291208872e-02 7.116180281104937603e+04
1.562764823079490842e-02 7.079481645236998156e+04
1.579761305192289508e-02 7.043654235505177348e+04
1.596942639433791139e-02 7.007520977857166145e+04
1.614310836238232183e-02 6.970842489601859415e+04
1.631867927905136448e-02 6.931485416834881471e+04
1.649615968837125218e-02 6.891473663355626923e+04
1.667557035780312807e-02 6.850175729344815772e+04
1.685693228067301416e-02 6.808271382910643297e+04
1.704026667862837408e-02 6.765630654072039761e+04
1.722559500412133848e-02 6.722150745477412420e+04
1.741293894291882222e-02 6.677856915986076638e+04
1.760232041664008817e-02 6.631868760057252075e+04
1.779376158532190721e-02 6.584797330819220224e+04
1.798728485001145627e-02 6.537473662554794282e+04
1.818291285538757920e-02 6.489708715881458920e+04
1.838066849241054915e-02 6.444966065373182209e+04
1.858057490100050585e-02 6.399800751279572432e+04
1.878265547274516126e-02 6.353889057850462996e+04
1.898693385363698499e-02 6.306288224640269618e+04
1.919343394683995299e-02 6.255013983429542714e+04
1.940217991548659135e-02 6.202784129464657599e+04
1.961319618550542293e-02 6.149446292607735813e+04
1.982650744847899368e-02 6.096115698687478289e+04
2.004213866453316562e-02 6.042638251417101856e+04
2.026011506525781866e-02 5.988670275330432196e+04
2.048046215665916270e-02 5.934167969076008740e+04
2.070320572214430152e-02 5.879257151423845789e+04
2.092837182553829861e-02 5.823813422575921140e+04
2.115598681413384530e-02 5.768172735446994193e+04
2.138607732177429804e-02 5.712119870148765040e+04
2.161867027197022020e-02 5.656195517367051798e+04
2.185379288104967108e-02 5.599980713710866257e+04
2.209147266134290841e-02 5.543750282399904245e+04
2.233173742440175760e-02 5.487302703953006858e+04
2.257461528425377603e-02 5.430657956655023736e+04
2.282013466069201732e-02 5.374242973396527668e+04
2.306832428260058646e-02 5.317712374698804342e+04
2.331921319131613490e-02 5.261586260567524732e+04
2.357283074402614226e-02 5.205150061422799627e+04
2.382920661720414751e-02 5.149506739526169986e+04
2.408837081008212769e-02 5.093503906335063948e+04
2.435035364816086692e-02 5.038154031400330859e+04
2.461518578675849986e-02 4.982708720246303710e+04
2.488289821459741327e-02 4.928161909405708866e+04
2.515352225743040446e-02 4.873772028339521057e+04
2.542708958170626990e-02 4.819932567418630060e+04
2.570363219827501849e-02 4.766678279414513963e+04
2.598318246613363913e-02 4.713836882671113563e+04
2.626577309621257184e-02 4.661823485229392827e+04
2.655143715520316694e-02 4.609880914184093854e+04
2.684020806942697540e-02 4.559353970546537312e+04
2.713211962874712349e-02 4.508665127631353971e+04
2.742720599052202168e-02 4.459638825194824312e+04
2.772550168360225775e-02 4.410492945309286006e+04
2.802704161237102101e-02 4.362980525650747586e+04
2.833186106082817221e-02 4.315720953717926750e+04
2.863999569671901724e-02 4.269702799172759842e+04
2.895148157570796507e-02 4.224301206589357753e+04
2.926635514559731630e-02 4.179764349699888407e+04
2.958465325059222994e-02 4.136439408473788353e+04
2.990641313561203177e-02 4.093777427127646661e+04
3.023167245064816572e-02 4.052529630768900824e+04
3.056046925516981913e-02 4.011477515557648439e+04
3.089284202257745054e-02 3.972406348782278656e+04
3.122882964470448733e-02 3.933330277569227474e+04
3.156847143636824088e-02 3.896130260670543794e+04
3.191180713997035512e-02 3.859124051382789185e+04
3.225887693014697216e-02 3.823915759677687311e+04
3.260972141846975314e-02 3.789203821892933775e+04
3.296438165819808030e-02 3.755669648951604177e+04
3.332289914908258960e-02 3.722962784315993486e+04
3.368531584222127229e-02 3.691058498321241495e+04
3.405167414496838157e-02 3.660358146677601326e+04
3.442201692589644257e-02 3.630139519882018794e+04
3.479638751981251055e-02 3.601305321518713754e+04
3.517482973282898967e-02 3.572580708411244268e+04
3.555738784748931069e-02 3.545584857906473917e+04
3.594410662794966793e-02 3.518594623515982676e+04
3.633503132521705842e-02 3.492865040184139070e+04
3.673020768244405349e-02 3.467332400722178136e+04
3.712968194028139213e-02 3.442808446900489798e+04
3.753350084228888883e-02 3.418550611313722766e+04
3.794171164040475303e-02 3.394772220767389081e+04
3.835436210047481198e-02 3.371366318648268498e+04
3.877150050784179680e-02 3.348196434729259636e+04
3.919317567299514943e-02 3.325888285050148988e+04
3.961943693728257887e-02 3.303792048227429041e+04
4.005033417868371359e-02 3.282232987480741576e+04
4.048591781764624559e-02 3.260584644081914666e+04
4.092623882298589838e-02 3.238989757227203518e+04
4.137134871785049656e-02 3.217103231575679820e+04
4.182129958574864331e-02 3.194601620377598010e+04
4.227614407664422036e-02 3.171741021371066017e+04
4.273593541311727223e-02 3.148361486604601669e+04
4.320072739659143457e-02 3.124623474463631283e+04
4.367057441362955095e-02 3.100508051071604132e+04
4.414553144229767245e-02 3.075790783533437934e+04
4.462565405859797441e-02 3.050610869960128184e+04
4.511099844297196404e-02 3.024421148765440375e+04
4.560162138687442329e-02 2.997754714348100970e+04
4.609758029941848911e-02 2.969794754671244664e+04
4.659893321409338401e-02 2.941386387675853985e+04
4.710573879555518539e-02 2.911574227658966629e+04
4.761805634649105695e-02 2.881193087691649271e+04
4.813594581455860055e-02 2.849568385029298952e+04
4.865946779940057837e-02 2.817119053929832080e+04
4.918868355973558815e-02 2.783503360679736943e+04
4.972365502052624592e-02 2.748891305551501137e+04
5.026444478022533413e-02 2.713347629531975690e+04
5.081111611810033846e-02 2.676666349000502305e+04
5.136373300163805250e-02 2.639254948373904699e+04
5.192236009402974306e-02 2.600633273243757139e+04
5.248706276173727148e-02 2.561461388171089129e+04
5.305790708214194046e-02 2.521192942309618957e+04
5.363495985127653826e-02 2.480461516790002497e+04
5.421828859164103120e-02 2.438973705522690216e+04
5.480796156010368791e-02 2.397055206260799241e+04
5.540404775588816944e-02 2.354668667833599102e+04
5.600661692864700170e-02 2.312023447655508062e+04
5.661573958662328987e-02 2.269163685155650455e+04
5.723148700490131996e-02 2.226333740963667879e+04
5.785393123374624191e-02 2.183399979331226132e+04
5.848314510703506164e-02 2.140957445940405523e+04
5.911920225077931662e-02 2.098420244977851689e+04
5.976217709173987924e-02 2.056998927260486380e+04
6.041214486613603191e-02 2.015448271888538511e+04
6.106918162844921644e-02 1.975566259283335967e+04
6.173336426032204061e-02 1.935773496488677847e+04
6.240477047955454021e-02 1.897624789642454562e+04
6.308347884919840443e-02 1.860085309477824921e+04
6.376956878674941431e-02 1.824069088268199266e+04
6.446312057344051605e-02 1.789271615774056772e+04
6.516421536363591061e-02 1.755741679773094438e+04
6.587293519432682598e-02 1.724049239899374516e+04
6.658936299473097731e-02 1.693237166914945556e+04
6.731358259599662386e-02 1.664883916768036215e+04
6.804567874101143110e-02 1.636956234141831919e+04
6.878573709431870520e-02 1.612044471770565178e+04
6.953384425214140241e-02 1.587400154744829706e+04
7.029008775251453789e-02 1.565550051088779401e+04
7.105455608552857516e-02 1.544297152125919274e+04
7.182733870368399054e-02 1.525266262588810969e+04
7.260852603235795621e-02 1.507161803439518735e+04
7.339820948038547344e-02 1.490569614003869356e+04
7.419648145075563583e-02 1.475234427225828586e+04
7.500343535142339757e-02 1.460889761311657276e+04
7.581916560623984391e-02 1.447823303869307165e+04
7.664376766600110302e-02 1.435221825424375675e+04
7.747733801961689815e-02 1.423801717386841665e+04
7.831997420540118271e-02 1.412487594779629035e+04
7.917177482248562159e-02 1.401945367642834026e+04
8.003283954235643205e-02 1.391338233373619551e+04
8.090326912051749864e-02 1.380858043439781432e+04
8.178316540828022008e-02 1.370203045287107489e+04
8.267263136468100404e-02 1.359289600188095574e+04
8.357177106852894943e-02 1.347871827709015997e+04
8.448068973058467379e-02 1.335867175179314108e+04
8.539949370587081312e-02 1.322991192268533996e+04
8.632829050611715016e-02 1.309495748581705266e+04
8.726718881234110659e-02 1.294646370501537058e+04
8.821629848756429304e-02 1.279249914509458540e+04
8.917573058966811461e-02 1.262237286492986277e+04
9.014559738438925052e-02 1.244803641958334447e+04
9.112601235845563252e-02 1.225667544348700903e+04
9.211709023286607234e-02 1.206040752848462762e+04
9.311894697631437068e-02 1.185151236233267446e+04
9.413169981875858794e-02 1.163732670864674583e+04
9.515546726513868236e-02 1.141555706169353289e+04
9.619036910924338990e-02 1.118948590306505685e+04
9.723652644772706743e-02 1.095919042691672985e+04
9.829406169427981621e-02 1.072898702438931650e+04
9.936309859395169031e-02 1.049763965769240349e+04
1.004437622376319061e-01 1.027139796721363564e+04
1.015361790766864530e-01 1.004451461514968287e+04
1.026404769377542436e-01 9.831227196069419733e+03
1.037567850377049544e-01 9.618837098054467788e+03
1.048852339987583621e-01 9.423195025891365731e+03
1.060259558637691168e-01 9.232250241014675339e+03
1.071790841116777721e-01 9.057386145766062327e+03
1.083447536731288879e-01 8.892105312221088752e+03
1.095231009462598742e-01 8.740667146604022491e+03
1.107142638126617229e-01 8.603079837496596156e+03
1.119183816535122278e-01 8.475423051366666186e+03
1.131355953658856189e-01 8.363982282719960494e+03
1.143660473792397075e-01 8.258022383390489267e+03
1.156098816720812633e-01 8.168788777725255386e+03
1.168672437888136489e-01 8.081547546812981636e+03
1.181382808567676829e-01 8.008271501709934455e+03
1.194231416034167714e-01 7.935596298691254560e+03
1.207219763737802098e-01 7.868912915067082395e+03
1.220349371480158596e-01 7.802210931328235347e+03
1.233621775592029651e-01 7.736269152248990395e+03
1.247038529113196209e-01 7.667580906545171274e+03
1.260601201974156371e-01 7.595964363782832152e+03
1.274311381179819569e-01 7.518122738980400754e+03
1.288170670995210376e-01 7.436247111848489112e+03
1.302180693133191680e-01 7.344200453681109138e+03
1.316343086944217755e-01 7.248501057044837580e+03
1.330659509608162760e-01 7.141218655727903752e+03
1.345131636328237013e-01 7.031236144934763615e+03
1.359761160526997414e-01 6.911983423678138934e+03
1.374549794044503670e-01 6.790462528273767020e+03
1.389499267338631106e-01 6.664527662171619340e+03
1.404611329687545929e-01 6.537794986161732595e+03
1.419887749394397880e-01 6.410591366448434201e+03
1.435330313994238882e-01 6.285892912068639816e+03
1.450940830463177955e-01 6.163216400604499540e+03
1.466721125429824857e-01 6.048299150365149217e+03
1.482673045389034383e-01 5.936219785162910739e+03
1.498798456917958821e-01 5.836075613311161760e+03
1.515099246894467122e-01 5.737384387329261699e+03
1.531577322717938006e-01 5.654002400399493126e+03
1.548234612532439769e-01 5.572122005915049158e+03
1.565073065452353418e-01 5.503008713596126654e+03
1.582094651790447448e-01 5.436508392646078391e+03
1.599301363288421207e-01 5.377530878460094755e+03
1.616695213349967630e-01 5.321205270091168131e+03
1.634278237276372281e-01 5.268424733411226043e+03
1.652052492504659520e-01 5.216330209666029987e+03
1.670020058848344369e-01 5.164505766475962446e+03
1.688183038740800890e-01 5.110276203906593764e+03
1.706543557481264295e-01 5.054790464297426297e+03
1.725103763483523678e-01 4.994276592003730002e+03
1.743865828527317030e-01 4.932275162940954033e+03
1.762831948012447969e-01 4.863988817280504009e+03
1.782004341215681076e-01 4.794241327622833523e+03
1.801385251550429167e-01 4.720917463853277695e+03
1.820976946829251653e-01 4.646622492623769176e+03
1.840781719529222538e-01 4.571197347425647422e+03
1.860801887060184456e-01 4.496859431807602050e+03
1.881039792035904545e-01 4.423618593538152709e+03
1.901497802548194893e-01 4.354226892733463501e+03
1.922178312444015880e-01 4.286572218746594444e+03
1.943083741605574899e-01 4.225292963656268512e+03
1.964216536233488186e-01 4.165102317294168643e+03
1.985579169133024624e-01 4.112961466125161678e+03
2.007174140003442353e-01 4.061401611809023962e+03
2.029003975730492293e-01 4.015483561177692991e+03
2.051071230682101065e-01 3.970193431146776220e+03
2.073378487007252746e-01 3.927671756048261614e+03
2.095928354938138838e-01 3.885072125619626604e+03
2.118723473095595611e-01 3.842580989585329007e+03
2.141766508797842417e-01 3.798967944269556028e+03
2.165060158372599242e-01 3.754366396438288120e+03
2.188607147472597381e-01 3.708054268504658012e+03
2.212410231394501825e-01 3.660759564623456754e+03
2.236472195401323637e-01 3.612015539532793355e+03
2.260795855048337022e-01 3.562653278172037517e+03
2.285384056512521078e-01 3.514022790761695433e+03
2.310239676925607000e-01 3.465418860066770321e+03
2.335365624710743770e-01 3.418867978205954842e+03
2.360764839922809277e-01 3.373326668950048770e+03
2.386440294592438449e-01 3.330494105135755035e+03
2.412394993073797289e-01 3.289463320950560501e+03
2.438631972396116399e-01 3.250563360821744482e+03
2.465154302619067261e-01 3.213481632878159871e+03
2.491965087192007933e-01 3.177400263884796004e+03
2.519067463317109512e-01 3.142558578226820373e+03
2.546464602316456105e-01 3.107859207870613318e+03
2.574159710003139367e-01 3.073355601733561798e+03
2.602156027056361509e-01 3.038564213005883175e+03
2.630456829400644181e-01 3.003371354929370227e+03
2.659065428589162949e-01 2.967926848192223588e+03
2.687985172191222905e-01 2.932399105475575197e+03
2.717219444183975319e-01 2.896975171831285479e+03
2.746771665348396452e-01 2.861940379092758576e+03
2.776645293669541270e-01 2.827762223554128013e+03
2.806843824741184212e-01 2.794344506695899781e+03
2.837370792174854772e-01 2.762328080330642479e+03
2.868229768013296765e-01 2.730856893393817245e+03
2.899424363148453976e-01 2.700941677144243840e+03
2.930958227743996614e-01 2.671164896964830405e+03
2.962835051662420227e-01 2.642658909375428266e+03
2.995058564896815323e-01 2.614056358168712904e+03
3.027632538007332119e-01 2.585892401752716978e+03
3.060560782562368187e-01 2.557668898218386857e+03
3.093847151584576682e-01 2.529638219680609382e+03
3.127495540001728469e-01 2.501718932177791430e+03
3.161509885102452566e-01 2.474019516528714576e+03
3.195894166996953167e-01 2.446776607289213189e+03
3.230652409082748200e-01 2.419814047186376683e+03
3.265788678515434418e-01 2.393724459120714073e+03
3.301307086684607817e-01 2.367847349868521633e+03
3.337211789694957687e-01 2.342964566674626440e+03
3.373506988852563726e-01 2.318111806662400795e+03
3.410196931156513345e-01 2.294086406931870897e+03
3.447285909795863579e-01 2.270054709073549930e+03
3.484778264651977597e-01 2.246503962587137721e+03
3.522678382806357922e-01 2.223014401175218154e+03
3.560990699053999675e-01 2.199784351650128428e+03
3.599719696422297166e-01 2.176790848848464975e+03
3.638869906695627043e-01 2.154054212547773204e+03
3.678445910945633002e-01 2.131759020243178838e+03
3.718452340067249784e-01 2.109666083202861955e+03
3.758893875320585276e-01 2.088134900911006298e+03
3.799775248878700662e-01 2.066677326956311390e+03
3.841101244381311952e-01 2.045811840391492296e+03
3.882876697494547225e-01 2.024954424736200053e+03
3.925106496476791218e-01 2.004585289106226810e+03
3.967795582750653915e-01 1.984263991755120287e+03
4.010948951481188018e-01 1.964272328071909897e+03
4.054571652160400275e-01 1.944427530403524770e+03
4.098668789198082196e-01 1.924850428253621885e+03
4.143245522519101720e-01 1.905538473943812505e+03
4.188307068167194114e-01 1.886436949310995715e+03
4.233858698915278773e-01 1.867663605137293871e+03
4.279905744882452900e-01 1.849000660509333102e+03
4.326453594157698146e-01 1.830699504986180045e+03
4.373507693430327414e-01 1.812421824313326397e+03
4.421073548627330596e-01 1.794565270323545292e+03
4.469156725557650867e-01 1.776732441667590365e+03
4.517762850563429300e-01 1.759238061964488452e+03
4.566897611178369898e-01 1.741828874774395445e+03
4.616566756793268889e-01 1.724668596476113407e+03
4.666776099328736604e-01 1.707656892223452360e+03
4.717531513915282915e-01 1.690832461317245134e+03
4.768838939580793412e-01 1.674201271410448953e+03
4.820704379945444096e-01 1.657690300742099680e+03
4.873133903924214971e-01 1.641427713985772698e+03
4.926133646437044766e-01 1.625234319885218838e+03
4.979709809126665609e-01 1.609319365524236673e+03
5.033868661084287544e-01 1.593439889510561443e+03
5.088616539583179499e-01 1.577837937291348226e+03
5.143959850820175594e-01 1.562289321194897184e+03
5.199905070665301610e-01 1.546965753761249744e+03
5.256458745419547718e-01 1.531732537208740268e+03
5.313627492580836886e-01 1.516663796021204007e+03
5.371418001618372129e-01 1.501727855248359901e+03
5.429837034755405911e-01 1.486920283599843287e+03
5.488891427760475006e-01 1.472273725968815143e+03
5.548588090747283985e-01 1.457713652737065331e+03
5.608934008983297304e-01 1.443338927497500208e+03
5.669936243707072165e-01 1.429015588812166243e+03
5.731601932954523138e-01 1.414894737751451657e+03
5.793938292394186229e-01 1.400818162560766041e+03
5.856952616171506865e-01 1.386929103295650066e+03
5.920652277762363802e-01 1.373103876836399422e+03
5.985044730835881177e-01 1.359423552670612480e+03
6.050137510126561979e-01 1.345833162182422939e+03
6.115938232315967227e-01 1.332360164475956481e+03
6.182454596923985246e-01 1.318995597073399495e+03
6.249694387209733248e-01 1.305720010042610511e+03
6.317665471082316575e-01 1.292570601858120199e+03
6.386375802021494463e-01 1.279487824942956877e+03
6.455833420008296741e-01 1.266546146480014386e+03
6.526046452465829040e-01 1.253654256660775673e+03
6.597023115210295385e-01 1.240907647758344410e+03
6.668771713412322555e-01 1.228212835723947592e+03
6.741300642568782697e-01 1.215640599340192693e+03
6.814618389485198602e-01 1.203136219682125102e+03
6.888733533268763809e-01 1.190734855013409060e+03
6.963654746332229584e-01 1.178414194005709760e+03
7.039390795408707602e-01 1.166178995267697701e+03
7.115950542577446081e-01 1.154035327374402868e+03
7.193342946300828045e-01 1.141962617848801528e+03
7.271577062472645014e-01 1.129989618571315305e+03
7.350662045477709405e-01 1.118075337573163097e+03
7.430607149263055433e-01 1.106266523822077488e+03
7.511421728420792920e-01 1.094511853361341082e+03
7.593115239282661744e-01 1.082861943680288960e+03
7.675697241026574469e-01 1.071270120164084346e+03
7.759177396795176040e-01 1.059766270887414521e+03
7.843565474826513784e-01 1.048328272464262909e+03
7.928871349597065299e-01 1.036968053635857132e+03
8.015105002977203075e-01 1.025681941278731983e+03
8.102276525399151330e-01 1.014466591011935861e+03
8.190396117037719304e-01 1.003330016849111075e+03
8.279474089003874271e-01 9.922565777445984168e+02
8.369520864551225348e-01 9.812635213091373316e+02
8.460546980295700070e-01 9.703275551324637718e+02
8.552563087448488144e-01 9.594789900723151277e+02
8.645579953062314527e-01 9.486868203504479879e+02
8.739608461291352715e-01 9.379714063039591565e+02
8.834659614664829297e-01 9.273171276221924018e+02
8.930744535374411930e-01 9.167355872714078941e+02
9.027874466575666057e-01 9.062188445851186316e+02
9.126060773703684736e-01 8.957699368704063545e+02
9.225314945802923772e-01 8.853894275814415096e+02
9.325648596871600748e-01 8.750734063049080760e+02
9.427073467220702385e-01 8.648270673005861227e+02
9.529601424847700120e-01 8.546419525304731906e+02
9.633244466825279240e-01 8.445279572433047406e+02
9.738014720705178151e-01 8.344737707713279633e+02
9.843924445937211054e-01 8.244914747689816750e+02
9.950986035303808208e-01 8.145697617036338443e+02
1.005921201637016260e+00 8.047162670371039894e+02
1.016861505295000301e+00 7.949259767629791895e+02
1.027920794658759629e+00 7.852025924279483888e+02
1.039100363805551819e+00 7.755434269691064628e+02
1.050401520886898199e+00 7.659487927740348141e+02
1.061825588281652077e+00 7.564201446891237310e+02
1.073373902750733855e+00 7.469552262909410274e+02
1.085047815593547238e+00 7.375574423919191531e+02
1.096848692806105863e+00 7.282226449583151862e+02
1.108777915240860779e+00 7.189551876438109730e+02
1.120836878768285194e+00 7.097509215609754847e+02
1.133026994440207824e+00 7.006143221750890007e+02
1.145349688654922371e+00 6.915417159275664289e+02
1.157806403324093791e+00 6.825354251969324650e+02
1.170398596041488215e+00 6.735944357546417223e+02
1.183127740253516524e+00 6.647197263035343440e+02
1.195995325431655765e+00 6.559110921117210182e+02
1.209002857246733065e+00 6.471684659586056796e+02
1.222151857745109149e+00 6.384926976518593165e+02
1.235443865526773877e+00 6.298829926124997201e+02
1.248880435925392662e+00 6.213408511502027523e+02
1.262463141190285132e+00 6.128649851621895550e+02
1.276193570670407063e+00 6.044571772471391569e+02
1.290073331000324064e+00 5.961161971612611978e+02
1.304104046288206087e+00 5.878433915772909586e+02
1.318287358305867407e+00 5.796381450895040643e+02
1.332624926680884947e+00 5.715011879809322863e+02
1.347118429090779834e+00 5.634324797282649797e+02
1.361769561459337474e+00 5.554323474397626796e+02
1.376580038155049479e+00 5.475010233219783231e+02
1.391551592191717202e+00 5.396385739165032192e+02
1.406685975431232860e+00 5.318455003588550198e+02
1.421984958788580666e+00 5.241216651192684139e+02
1.437450332439040412e+00 5.164676480970102830e+02
1.453083906027671235e+00 5.088832584443881046e+02
1.468887508881060233e+00 5.013690367796026521e+02
1.484862990221377466e+00 4.939248809556227116e+02
1.501012219382754642e+00 4.865511728758736467e+02
1.517337086030033699e+00 4.792479486307091179e+02
1.533839500379863274e+00 4.720154442919917983e+02
1.550521393424229677e+00 4.648537809129446714e+02
1.567384717156406149e+00 4.577630911268129239e+02
1.584431444799358601e+00 4.507435242681583532e+02
1.601663571036636480e+00 4.437951446626226470e+02
1.619083112245788048e+00 4.369181151168153860e+02
1.636692106734282781e+00 4.301124497514390441e+02
1.654492614978032350e+00 4.233783002163125957e+02
1.672486719862488869e+00 4.167156497914471061e+02
1.690676526926370160e+00 4.101245955608411577e+02
1.709064164608028902e+00 4.036051261188463286e+02
1.727651784494522946e+00 3.971572790996382878e+02
1.746441561573356394e+00 3.907810335865009961e+02
1.765435694486994445e+00 3.844763757924740730e+02
1.784636405790129610e+00 3.782432682580870278e+02
1.804045942209749009e+00 3.720816528192300439e+02
1.823666574908025417e+00 3.659914641063776912e+02
1.843500599748087110e+00 3.599726053839826818e+02
1.863550337562641435e+00 3.540249807412921541e+02
1.883818134425555790e+00 3.481484575268914909e+02
1.904306361926374924e+00 3.423429050463671501e+02
1.925017417447826285e+00 3.366081583557107137e+02
1.945953724446341182e+00 3.309440483710612284e+02
1.967117732735644609e+00 3.253503808051256101e+02
1.988511918773392395e+00 3.198269495389469625e+02
2.010138785950962514e+00 3.143735287542833134e+02
2.032000864886380764e+00 3.089898774397007628e+02
2.054100713720434346e+00 3.036757382815935102e+02
2.076440918416002646e+00 2.984308371388423780e+02
2.099024093060666285e+00 2.932548852939523840e+02
2.121852880172561129e+00 2.881475771150055607e+02
2.144929951009603375e+00 2.831085933752999040e+02
2.168258005882058637e+00 2.781375984164130273e+02
2.191839774468510083e+00 2.732342433875691086e+02
2.215678016135262052e+00 2.683981643431974362e+02
2.239775520259239094e+00 2.636289842126608391e+02
2.264135106554351573e+00 2.589263121367746976e+02
2.288759625401454390e+00 2.542897444823628632e+02
2.313651958181876633e+00 2.497188649288727902e+02
2.338815017614574998e+00 2.452132449983423612e+02
2.364251748096959371e+00 2.407724444819278631e+02
2.389965126049439004e+00 2.363960117696407508e+02
2.415958160263676824e+00 2.320834844055793837e+02
2.442233892254671801e+00 2.278343893790274990e+02
2.468795396616653814e+00 2.236482436877762723e+02
2.495645781382846096e+00 2.195245546464484221e+02
2.522788188389143205e+00 2.154628204139352761e+02
2.550225793641763161e+00 2.114625303533159979e+02
2.577961807688852858e+00 2.075231655024952602e+02
2.605999475996180426e+00 2.036441989746174670e+02
2.634342079326892350e+00 1.998250963907235871e+02
2.662992934125404165e+00 1.960653162932087525e+02
2.691955392905461597e+00 1.923643105604405434e+02
2.721232844642447635e+00 1.887215248172572046e+02
2.750828715169905347e+00 1.851363988364773547e+02
2.780746467580422987e+00 1.816083669406307024e+02
2.810989602630856066e+00 1.781368583923482731e+02
2.841561659151959685e+00 1.747212977836797165e+02
2.872466214462471079e+00 1.713611054151425321e+02
2.903706884787724984e+00 1.680556976711862376e+02
2.935287325682762294e+00 1.648044873870019558e+02
2.967211232460099879e+00 1.616068842094851448e+02
2.999482340622123377e+00 1.584622949505397003e+02
3.032104426298188216e+00 1.553701239333795172e+02
3.065081306686469276e+00 1.523297733313461038e+02
3.098416840500644476e+00 1.493406434992259335e+02
3.132114928421378952e+00 1.464021332969942080e+02
3.166179513552776381e+00 1.435136404058194444e+02
3.200614581883765908e+00 1.406745616363520242e+02
3.235424162754517052e+00 1.378842932291540819e+02
3.270612329327912349e+00 1.351422311472945239e+02
3.306183199066188738e+00 1.324477713610240528e+02
3.342140934212691761e+00 1.298003101245481332e+02
3.378489742278938834e+00 1.271992442448576242e+02
3.415233876536942326e+00 1.246439713426354672e+02
3.452377636516899440e+00 1.221338901052394306e+02
3.489925368510281789e+00 1.196684005317826802e+02
3.527881466078438333e+00 1.172469041703368333e+02
3.566250370566651284e+00 1.148688043472997720e+02
3.605036571623862596e+00 1.125335063889622802e+02
3.644244607728008845e+00 1.102404178353342417e+02
3.683879066717083539e+00 1.079889486462833190e+02
3.723944586325963257e+00 1.057785114000558480e+02
3.764445854729112639e+00 1.036085214842470208e+02
3.805387611089114941e+00 1.014783972793074582e+02
3.846774646111243978e+00 9.938756033466002293e+01
3.888611802604029943e+00 9.733543553752397770e+01
3.930903976045929671e+00 9.532145127453850364e+01
3.973656115158151980e+00 9.334503958628522469e+01
4.016873222483751782e+00 9.140563631481309415e+01
4.060560354972945873e+00 8.950268124427611838e+01
4.104722624574868917e+00 8.763561823479213331e+01
4.149365198835729629e+00 8.580389534964027121e+01
4.194493301503480431e+00 8.400696497591422940e+01
4.240112213139052955e+00 8.224428393875425058e+01
4.286227271734285083e+00 8.051531360927735648e+01
4.332843873336480023e+00 7.881952000633950206e+01
4.379967472679852314e+00 7.715637389224815479e+01
4.427603583823785272e+00 7.552535086256288821e+01
4.475757780798051755e+00 7.392593143011052348e+01
4.524435698255034666e+00 7.235760110335019135e+01
4.573643032129088404e+00 7.081985045921852873e+01
4.623385540302984431e+00 6.931217521059451769e+01
4.673669043281689639e+00 6.783407626851231953e+01
4.724499424873429554e+00 6.638505979926257794e+01
4.775882632878172274e+00 6.496463727651426723e+01
4.827824679783585538e+00 6.357232552859505148e+01
4.880331643468611702e+00 6.220764678106154832e+01
4.933409667914595786e+00 6.087012869469997156e+01
